  -4.6200e+07
   1.8099e+08
   2.0706e-03
  -2.1225e+08
  -6.0169e-05
   1.8107e+08
   2.0521e-03
  -2.1217e+08
  -5.8712e-05
   1.8114e+08
   2.0411e-03
  -2.1210e+08
  -5.8712e-05
   1.8122e+08
   2.0400e-03
  -2.1202e+08
  -5.8712e-05
   1.8129e+08
   1.9763e-03
  -2.1195e+08
  -1.8138e+08
  -2.7468e+04
   7.3466e-06
   3.9462e+09
  -1.8142e+08
   1.8138e+08
  -6.6252e+08
  -1.5093e+08
   3.0406e+07
   1.5093e+08
  -6.6057e+08
  -1.2056e+08
   3.0317e+07
   1.2056e+08
  -6.5863e+08
  -9.0293e+07
   3.0227e+07
   9.0293e+07
  -6.5668e+08
  -6.0110e+07
   3.0138e+07
   6.0110e+07
  -6.5474e+08
  -3.0017e+07
   3.0048e+07
   3.0017e+07
  -6.5309e+08
