  0.56190740 
  0.56326235 
  0.56750037 
  0.57483062 
  0.58568628 
  0.54304784 
  0.51082302 
  0.52193172 
  0.53226413 
  0.54395381 
  0.54680045 
  0.55166421 
  0.55873308 
  0.55540749 
  0.46510937 
  0.47619146 
  0.48766013 
  0.49929379 
  0.42381083 
  0.41688853 
  0.41992065 
  0.42207684 
  0.42336648 
  0.42764122 
  0.43576347 
  0.44477353 
  0.45459075 
  0.60075489 
  0.62110213 
  0.64832694 
  0.68472338 
  0.56828972 
  0.58075261 
  0.59665250 
  0.61660852 
  0.39577085 
  0.40241957 
  0.40814964 
  0.41296894 
  0.56190857 
  0.58566034 
  0.57480830 
  0.56749148 
  0.56326163 
  0.68475204 
  0.64831132 
  0.62112784 
  0.60076406 
  0.93191618 
  0.88715845 
  0.80205992 
  0.73398679 
  0.73387770 
  0.80184051 
  0.88680614 
  0.64127167 
  0.67007469 
  0.69859439 
  0.72059118 
  0.36007182 
  0.37033000 
  0.37971565 
  0.38820109 
  0.54304850 
  0.55872308 
  0.55164969 
  0.54679479 
  0.54395301 
  0.53226373 
  0.52193146 
  0.51082290 
  0.55540896 
  0.61662763 
  0.59664612 
  0.58075396 
  0.56829881 
  0.72074699 
  0.69875136 
  0.67016592 
  0.64131977 
  0.69775762 
  0.74558993 
  0.74565138 
  0.29768799 
  0.31137852 
  0.32455613 
  0.33712008 
  0.34898285 
  0.49929375 
  0.48766015 
  0.47619151 
  0.46510944 
  0.24011356 
  0.25468543 
  0.26922066 
  0.28359580 
  0.42381093 
  0.45459083 
  0.44477362 
  0.43576356 
  0.42764131 
  0.42336657 
  0.42207693 
  0.41992075 
  0.41688863 
  0.41296904 
  0.40814974 
  0.40241967 
  0.39577095 
  0.38820118 
  0.37971574 
  0.37033008 
  0.36007189 
  0.33712015 
  0.32455618 
  0.31137857 
  0.29768803 
  0.34898292 
  0.28359584 
  0.26922069 
  0.25468545 
  0.24011358 
  0.17364220 
  0.22562411 
  0.21131019 
  0.19723099 
  0.18187668 
  0.18187668 
  0.19723099 
  0.21131018 
  0.22562410 
  0.60119301 
  0.54043558 
  0.49919361 
  0.46691646 
  0.44032330 
  0.41777945 
  0.39834330 
  0.38142075 
  0.36661528 
  0.35365175 
  0.34233325 
  0.32971929 
  0.31648064 
  0.30273290 
  0.28860210 
  0.27422005 
  0.25971994 
  0.24523234 
  0.23087972 
  0.21676231 
  0.20290593 
  0.18888518 
  0.34093505 
  0.32756249 
  0.31368208 
  0.29945221 
  0.28503341 
  0.27058171 
  0.25624420 
  0.24215606 
  0.22843858 
  0.21519850 
  0.20290592 
  0.35374039 
  0.34015509 
  0.32604857 
  0.31162060 
  0.29706804 
  0.28257534 
  0.26831033 
  0.25442595 
  0.24107048 
  0.22843858 
  0.21676231 
  0.36829553 
  0.35437046 
  0.33989149 
  0.32511508 
  0.31028605 
  0.29562362 
  0.28131735 
  0.26753269 
  0.25442595 
  0.24215605 
  0.23087971 
  0.38482479 
  0.37036419 
  0.35529209 
  0.33994796 
  0.32464260 
  0.30963701 
  0.29513969 
  0.28131734 
  0.26831032 
  0.25624419 
  0.24523233 
  0.40364851 
  0.38835063 
  0.37235311 
  0.35612567 
  0.34007302 
  0.32450407 
  0.30963700 
  0.29562360 
  0.28257532 
  0.27058169 
  0.25971992 
  0.42523737 
  0.40862243 
  0.39118786 
  0.37362283 
  0.35646709 
  0.34007301 
  0.32464259 
  0.31028603 
  0.29706801 
  0.28503338 
  0.27422002 
  0.45031440 
  0.43157099 
  0.41187695 
  0.39232204 
  0.37362281 
  0.35612565 
  0.33994794 
  0.32511505 
  0.31162056 
  0.29945217 
  0.28860206 
  0.48007452 
  0.45767601 
  0.43432548 
  0.41187693 
  0.39118782 
  0.37235307 
  0.35529205 
  0.33989145 
  0.32604853 
  0.31368203 
  0.30273285 
  0.51677567 
  0.48729629 
  0.45767598 
  0.43157094 
  0.40862237 
  0.38835057 
  0.37036413 
  0.35437040 
  0.34015504 
  0.32756244 
  0.31648059 
  0.56603913 
  0.51677564 
  0.48007442 
  0.45031431 
  0.42523729 
  0.40364842 
  0.38482471 
  0.36829546 
  0.35374032 
  0.34093499 
  0.32971923 
  0.60119339 
  0.54043528 
  0.49919345 
  0.46691633 
  0.44032319 
  0.41777934 
  0.39834321 
  0.38142066 
  0.36661520 
  0.35365167 
  0.34233318 
  0.60841410 
  0.55495847 
  0.51344403 
  0.48049068 
  0.45332055 
  0.43036040 
  0.41064156 
  0.39353538 
  0.37861573 
  0.36558344 
  0.35422169 
  0.60665917 
  0.56122672 
  0.52266079 
  0.49071315 
  0.46394053 
  0.44115581 
  0.42152944 
  0.40448502 
  0.38961561 
  0.37662732 
  0.36530224 
  0.60311501 
  0.56255316 
  0.52766918 
  0.49778657 
  0.47218083 
  0.45009722 
  0.43092013 
  0.41418215 
  0.39953345 
  0.38671071 
  0.37551238 
  0.59644507 
  0.56075196 
  0.52955419 
  0.50220566 
  0.47825445 
  0.45726189 
  0.43882503 
  0.42260615 
  0.40833373 
  0.39579225 
  0.38480985 
  0.58695430 
  0.55663108 
  0.52919853 
  0.50454388 
  0.48249017 
  0.46282760 
  0.44533277 
  0.42979337 
  0.41602200 
  0.40385920 
  0.39317102 
  0.57638233 
  0.55111373 
  0.52732884 
  0.50534734 
  0.48525398 
  0.46702520 
  0.45058216 
  0.43582178 
  0.42263610 
  0.41092256 
  0.40058822 
  0.56618557 
  0.54512437 
  0.52459935 
  0.50510652 
  0.48690206 
  0.47010110 
  0.45473661 
  0.44079451 
  0.42823590 
  0.41701083 
  0.40706637 
  0.55709293 
  0.53933872 
  0.52154754 
  0.50424098 
  0.48775494 
  0.47229164 
  0.45796359 
  0.44482494 
  0.43289309 
  0.42216346 
  0.41261939 
  0.54937857 
  0.53415819 
  0.51856198 
  0.50308393 
  0.48808300 
  0.47380714 
  0.46042014 
  0.44802502 
  0.43668254 
  0.42642503 
  0.41726666 
  0.54312238 
  0.52979576 
  0.51589822 
  0.50188141 
  0.48810074 
  0.47482358 
  0.46224366 
  0.45049685 
  0.43967542 
  0.42984015 
  0.42102997 
  0.53831792 
  0.52635607 
  0.51371460 
  0.50080479 
  0.48796897 
  0.47547987 
  0.46354717 
  0.45232738 
  0.44193442 
  0.43244966 
  0.42393071 
  0.53492698 
  0.52388503 
  0.51210494 
  0.49996750 
  0.48780153 
  0.47587911 
  0.46441756 
  0.45358546 
  0.44351049 
  0.43428777 
  0.42598778 
  0.53291060 
  0.52239944 
  0.51112183 
  0.49943991 
  0.48767312 
  0.47609160 
  0.46491583 
  0.45432055 
  0.44444098 
  0.43538008 
  0.42721583 
  0.35422177 
  0.36558352 
  0.37861583 
  0.39353548 
  0.41064167 
  0.43036053 
  0.45332070 
  0.48049085 
  0.51344424 
  0.55495876 
  0.60841608 
  0.36530232 
  0.37662741 
  0.38961571 
  0.40448514 
  0.42152957 
  0.44115597 
  0.46394071 
  0.49071336 
  0.52266103 
  0.56122694 
  0.60665897 
  0.37551247 
  0.38671081 
  0.39953356 
  0.41418228 
  0.43092028 
  0.45009740 
  0.47218105 
  0.49778682 
  0.52766946 
  0.56255342 
  0.60311384 
  0.38480994 
  0.39579235 
  0.40833385 
  0.42260629 
  0.43882520 
  0.45726209 
  0.47825469 
  0.50220597 
  0.52955458 
  0.56075233 
  0.59644670 
  0.39317112 
  0.40385931 
  0.41602212 
  0.42979351 
  0.44533294 
  0.46282780 
  0.48249043 
  0.50454422 
  0.52919902 
  0.55663189 
  0.58695471 
  0.40058832 
  0.41092267 
  0.42263622 
  0.43582192 
  0.45058233 
  0.46702540 
  0.48525423 
  0.50534767 
  0.52732934 
  0.55111463 
  0.57638416 
  0.40706647 
  0.41701094 
  0.42823602 
  0.44079465 
  0.45473677 
  0.47010129 
  0.48690228 
  0.50510680 
  0.52459972 
  0.54512490 
  0.56618800 
  0.41261949 
  0.42216357 
  0.43289321 
  0.44482507 
  0.45796374 
  0.47229180 
  0.48775512 
  0.50424118 
  0.52154773 
  0.53933879 
  0.55709119 
  0.41726676 
  0.42642513 
  0.43668265 
  0.44802514 
  0.46042026 
  0.47380727 
  0.48808314 
  0.50308406 
  0.51856207 
  0.53415804 
  0.54937722 
  0.42103007 
  0.42984025 
  0.43967553 
  0.45049695 
  0.46224377 
  0.47482368 
  0.48810084 
  0.50188150 
  0.51589829 
  0.52979584 
  0.54312367 
  0.42393081 
  0.43244976 
  0.44193452 
  0.45232747 
  0.46354726 
  0.47547995 
  0.48796904 
  0.50080485 
  0.51371465 
  0.52635625 
  0.53831848 
  0.42598787 
  0.43428786 
  0.44351058 
  0.45358555 
  0.46441764 
  0.47587917 
  0.48780157 
  0.49996752 
  0.51210493 
  0.52388497 
  0.53492651 
  0.42721592 
  0.43538017 
  0.44444107 
  0.45432063 
  0.46491590 
  0.47609165 
  0.48767315 
  0.49943990 
  0.51112175 
  0.52239921 
  0.53291014 
  0.70760404 
  0.76459730 
  0.88192919 
  0.83203841 
  0.63270975 
  0.60856232 
  0.57682454 
  0.56704877 
  0.56044776 
  0.55662382 
  0.59038051 
  0.66479975 
  0.83236704 
  0.88322680 
  0.70750279 
  0.66476778 
  0.60854630 
  0.59036570 
  0.57684857 
  0.56707473 
  0.56045742 
  0.63272555 
  0.76440187 
  0.88346928 
  0.55662468 
