  0.31817718   0.10099056 
  0.31817718   0.10967616 
  0.30949158   0.10099056 
  0.30949158   0.10967616 
  0.30298556   0.10568126 
  0.30298556   0.11477046 
  0.29389636   0.10568126 
  0.29389636   0.11477046 
  0.28712092   0.10964850 
  0.28712092   0.11907014 
  0.27769928   0.10964850 
  0.27769928   0.11907014 
  0.27070614   0.11289349 
  0.27070614   0.12257747 
  0.26102216   0.11289349 
  0.26102216   0.12257747 
  0.25386090   0.11544843 
  0.25386090   0.12532935 
  0.24397998   0.11544843 
  0.24397998   0.12532935 
  0.23669577   0.11737008 
  0.23669577   0.12739000 
  0.22667585   0.11737008 
  0.22667585   0.12739000 
  0.21930768   0.11873083 
  0.21930768   0.12884111 
  0.20919741   0.11873083 
  0.20919741   0.12884111 
  0.20177697   0.11960750 
  0.20177697   0.12977025 
  0.19161422   0.11960750 
  0.19161422   0.12977025 
  0.18416493   0.12006630 
  0.18416493   0.13025539 
  0.17397585   0.12006630 
  0.17397585   0.13025539 
  0.16650164   0.12011797 
  0.16650164   0.13034880 
  0.15627082   0.12011797 
  0.15627082   0.13034880 
  0.14879879   0.11971153 
  0.14879879   0.12989468 
  0.13861565   0.11971153 
  0.13861565   0.12989468 
  0.12977227   0.11579488 
  0.12977227   0.12977227 
  0.11579487   0.11579488 
  0.11579487   0.12977227 
  0.32406030   0.11620289 
  0.32406030   0.12534867 
  0.31491452   0.11620289 
  0.31491452   0.12534867 
  0.30806371   0.12160056 
  0.30806371   0.13117153 
  0.29849274   0.12160056 
  0.29849274   0.13117153 
  0.29136546   0.12614276 
  0.29136546   0.13604387 
  0.28146435   0.12614276 
  0.28146435   0.13604387 
  0.27412895   0.12983340 
  0.27412895   0.13997297 
  0.26398938   0.12983340 
  0.26398938   0.13997297 
  0.25650951   0.13271455 
  0.25650951   0.14301035 
  0.24621370   0.13271455 
  0.24621370   0.14301035 
  0.23864458   0.13485814 
  0.23864458   0.14524156 
  0.22826116   0.13485814 
  0.22826116   0.14524156 
  0.22064713   0.13635516 
  0.22064713   0.14677366 
  0.21022863   0.13635516 
  0.21022863   0.14677366 
  0.20260154   0.13730373 
  0.20260154   0.14772284 
  0.19218243   0.13730373 
  0.19218243   0.14772284 
  0.18455841   0.13779521 
  0.18455841   0.14820532 
  0.17414830   0.13779521 
  0.17414830   0.14820532 
  0.16652316   0.13790832 
  0.16652316   0.14833049 
  0.15610099   0.13790832 
  0.15610099   0.14833049 
  0.14834199   0.13756619 
  0.14834199   0.14834199 
  0.13756618   0.13756619 
  0.13756618   0.14834199 
  0.12989467   0.13861565 
  0.12989467   0.14879879 
  0.11971153   0.13861565 
  0.11971153   0.14879879 
  0.33081023   0.13224662 
  0.33081023   0.14194640 
  0.32111046   0.13224662 
  0.32111046   0.14194640 
  0.31384480   0.13839005 
  0.31384480   0.14854043 
  0.30369442   0.13839005 
  0.30369442   0.14854043 
  0.29614525   0.14350180 
  0.29614525   0.15397613 
  0.28567091   0.14350180 
  0.28567091   0.15397613 
  0.27792834   0.14759302 
  0.27792834   0.15827180 
  0.26724956   0.14759302 
  0.26724956   0.15827180 
  0.25939509   0.15072464 
  0.25939509   0.16150467 
  0.24861507   0.15072464 
  0.24861507   0.16150467 
  0.24071629   0.15299517 
  0.24071629   0.16379501 
  0.22991645   0.15299517 
  0.22991645   0.16379501 
  0.22202426   0.15452628 
  0.22202426   0.16528831 
  0.21126222   0.15452628 
  0.21126222   0.16528831 
  0.20340999   0.15544956 
  0.20340999   0.16614024 
  0.19271930   0.15544956 
  0.19271930   0.16614024 
  0.18492292   0.15589900 
  0.18492292   0.16650843 
  0.17431349   0.15589900 
  0.17431349   0.16650843 
  0.16656611   0.15600932 
  0.16656611   0.16656613 
  0.15600931   0.15600932 
  0.15600931   0.16656613 
  0.14833048   0.15610099 
  0.14833048   0.16652316 
  0.13790830   0.15610099 
  0.13790830   0.16652316 
  0.13034878   0.15627082 
  0.13034878   0.16650164 
  0.12011796   0.15627082 
  0.12011796   0.16650164 
  0.33851588   0.14929618 
  0.33851588   0.15967637 
  0.32813569   0.14929618 
  0.32813569   0.15967637 
  0.32036101   0.15623099 
  0.32036101   0.16709160 
  0.30950040   0.15623099 
  0.30950040   0.16709160 
  0.30143653   0.16189860 
  0.30143653   0.17306886 
  0.29026627   0.16189860 
  0.29026627   0.17306886 
  0.28203318   0.16632500 
  0.28203318   0.17764797 
  0.27071021   0.16632500 
  0.27071021   0.17764797 
  0.26241273   0.16960341 
  0.26241273   0.18094957 
  0.25106657   0.16960341 
  0.25106657   0.18094957 
  0.24278715   0.17187446 
  0.24278715   0.18314810 
  0.23151351   0.17187446 
  0.23151351   0.18314810 
  0.22330987   0.17330469 
  0.22330987   0.18444382 
  0.21217074   0.17330469 
  0.21217074   0.18444382 
  0.20407752   0.17406931 
  0.20407752   0.18504126 
  0.19310557   0.17406931 
  0.19310557   0.18504126 
  0.18513824   0.17434307 
  0.18513824   0.18513826 
  0.17434305   0.17434307 
  0.17434305   0.18513826 
  0.16650841   0.17431350 
  0.16650841   0.18492293 
  0.15589898   0.17431350 
  0.15589898   0.18492293 
  0.14820530   0.17414831 
  0.14820530   0.18455841 
  0.13779520   0.17414831 
  0.13779520   0.18455841 
  0.13025537   0.17397585 
  0.13025537   0.18416493 
  0.12006628   0.17397585 
  0.12006628   0.18416493 
  0.34729266   0.16758759 
  0.34729266   0.17882124 
  0.33605900   0.16758759 
  0.33605900   0.17882124 
  0.32764697   0.17536710 
  0.32764697   0.18711554 
  0.31589852   0.17536710 
  0.31589852   0.18711554 
  0.30719578   0.18155998 
  0.30719578   0.19358786 
  0.29516789   0.18155998 
  0.29516789   0.19358786 
  0.28633696   0.18622089 
  0.28633696   0.19831957 
  0.27423828   0.18622089 
  0.27423828   0.19831957 
  0.26541475   0.18949765 
  0.26541475   0.20150529 
  0.25340711   0.18949765 
  0.25340711   0.20150529 
  0.24469009   0.19159646 
  0.24469009   0.20340417 
  0.23288238   0.19159646 
  0.23288238   0.20340417 
  0.22433412   0.19274737 
  0.22433412   0.20429395 
  0.21278754   0.19274737 
  0.21278754   0.20429395 
  0.20443953   0.19317895 
  0.20443953   0.20443956 
  0.19317892   0.19317895 
  0.19317892   0.20443956 
  0.18504124   0.19310559 
  0.18504124   0.20407754 
  0.17406929   0.19310559 
  0.17406929   0.20407754 
  0.16614021   0.19271931 
  0.16614021   0.20341000 
  0.15544953   0.19271931 
  0.15544953   0.20341000 
  0.14772281   0.19218243 
  0.14772281   0.20260154 
  0.13730371   0.19218243 
  0.13730371   0.20260154 
  0.12977023   0.19161422 
  0.12977023   0.20177696 
  0.11960748   0.19161422 
  0.11960748   0.20177696 
  0.35729566   0.18744637 
  0.35729566   0.19977700 
  0.34496502   0.18744637 
  0.34496502   0.19977700 
  0.33573615   0.19613133 
  0.33573615   0.20901445 
  0.32285303   0.19613133 
  0.32285303   0.20901445 
  0.31334210   0.20278575 
  0.31334210   0.21588697 
  0.30024088   0.20278575 
  0.30024088   0.21588697 
  0.29067334   0.20752015 
  0.29067334   0.22055794 
  0.27763555   0.20752015 
  0.27763555   0.22055794 
  0.26818723   0.21057656 
  0.26818723   0.22335206 
  0.25541172   0.21057656 
  0.25541172   0.22335206 
  0.24619734   0.21226431 
  0.24619734   0.22466297 
  0.23379868   0.21226431 
  0.23379868   0.22466297 
  0.22487754   0.21290321 
  0.22487754   0.22487758 
  0.21290317   0.21290321 
  0.21290317   0.22487758 
  0.20429391   0.21278757 
  0.20429391   0.22433414 
  0.19274733   0.21278757 
  0.19274733   0.22433414 
  0.18444379   0.21217075 
  0.18444379   0.22330988 
  0.17330466   0.21217075 
  0.17330466   0.22330988 
  0.16528828   0.21126223 
  0.16528828   0.22202426 
  0.15452624   0.21126223 
  0.15452624   0.22202426 
  0.14677363   0.21022863 
  0.14677363   0.22064713 
  0.13635513   0.21022863 
  0.13635513   0.22064713 
  0.12884108   0.20919740 
  0.12884108   0.21930768 
  0.11873081   0.20919740 
  0.11873081   0.21930768 
  0.36874174   0.20933567 
  0.36874174   0.22311982 
  0.35495760   0.20933567 
  0.35495760   0.22311982 
  0.34465144   0.21899081 
  0.34465144   0.23336361 
  0.33027864   0.21899081 
  0.33027864   0.23336361 
  0.31972284   0.22597734 
  0.31972284   0.24044354 
  0.30525664   0.22597734 
  0.30525664   0.24044354 
  0.29477330   0.23051844 
  0.29477330   0.24469326 
  0.28059849   0.23051844 
  0.28059849   0.24469326 
  0.27041377   0.23302460 
  0.27041377   0.24667497 
  0.25676341   0.23302460 
  0.25676341   0.24667497 
  0.24699829   0.23396993 
  0.24699829   0.24699835 
  0.23396987   0.23396993 
  0.23396987   0.24699835 
  0.22466291   0.23379872 
  0.22466291   0.24619738 
  0.21226426   0.23379872 
  0.21226426   0.24619738 
  0.20340412   0.23288241 
  0.20340412   0.24469011 
  0.19159641   0.23288241 
  0.19159641   0.24469011 
  0.18314805   0.23151352 
  0.18314805   0.24278716 
  0.17187441   0.23151352 
  0.17187441   0.24278716 
  0.16379496   0.22991646 
  0.16379496   0.24071629 
  0.15299512   0.22991646 
  0.15299512   0.24071629 
  0.14524152   0.22826116 
  0.14524152   0.23864457 
  0.13485811   0.22826116 
  0.13485811   0.23864457 
  0.12738997   0.22667584 
  0.12738997   0.23669576 
  0.11737005   0.22667584 
  0.11737005   0.23669576 
  0.38195178   0.23394495 
  0.38195178   0.24973560 
  0.36616112   0.23394495 
  0.36616112   0.24973560 
  0.35437986   0.24462590 
  0.35437986   0.26102225 
  0.33798351   0.24462590 
  0.33798351   0.26102225 
  0.32604141   0.25167916 
  0.32604141   0.26790924 
  0.30981133   0.25167916 
  0.30981133   0.26790924 
  0.29818509   0.25556721 
  0.29818509   0.27110060 
  0.28265171   0.25556721 
  0.28265171   0.27110060 
  0.27162067   0.25701677 
  0.27162067   0.27162075 
  0.25701669   0.25701677 
  0.25701669   0.27162075 
  0.24667489   0.25676346 
  0.24667489   0.27041382 
  0.23302453   0.25676346 
  0.23302453   0.27041382 
  0.22335199   0.25541176 
  0.22335199   0.26818726 
  0.21057648   0.25541176 
  0.21057648   0.26818726 
  0.20150523   0.25340713 
  0.20150523   0.26541477 
  0.18949759   0.25340713 
  0.18949759   0.26541477 
  0.18094951   0.25106658 
  0.18094951   0.26241274 
  0.16960335   0.25106658 
  0.16960335   0.26241274 
  0.16150461   0.24861507 
  0.16150461   0.25939509 
  0.15072459   0.24861507 
  0.15072459   0.25939509 
  0.14301031   0.24621369 
  0.14301031   0.25650950 
  0.13271450   0.24621369 
  0.13271450   0.25650950 
  0.12532931   0.24397997 
  0.12532931   0.25386089 
  0.11544839   0.24397997 
  0.11544839   0.25386089 
  0.39743730   0.26236593 
  0.39743730   0.28108199 
  0.37872125   0.26236593 
  0.37872125   0.28108199 
  0.36481049   0.27408394 
  0.36481049   0.29337279 
  0.34552164   0.27408394 
  0.34552164   0.29337279 
  0.33168190   0.28062939 
  0.33168190   0.29915141 
  0.31315988   0.28062939 
  0.31315988   0.29915141 
  0.30012635   0.28304021 
  0.30012635   0.30012646 
  0.28304010   0.28304021 
  0.28304010   0.30012646 
  0.27110049   0.28265178 
  0.27110049   0.29818516 
  0.25556711   0.28265178 
  0.25556711   0.29818516 
  0.24469316   0.28059854 
  0.24469316   0.29477335 
  0.23051835   0.28059854 
  0.23051835   0.29477335 
  0.22055785   0.27763558 
  0.22055785   0.29067336 
  0.20752007   0.27763558 
  0.20752007   0.29067336 
  0.19831948   0.27423829 
  0.19831948   0.28633696 
  0.18622081   0.27423829 
  0.18622081   0.28633696 
  0.17764790   0.27071021 
  0.17764790   0.28203318 
  0.16632493   0.27071021 
  0.16632493   0.28203318 
  0.15827174   0.26724955 
  0.15827174   0.27792833 
  0.14759296   0.26724955 
  0.14759296   0.27792833 
  0.13997292   0.26398936 
  0.13997292   0.27412893 
  0.12983335   0.26398936 
  0.12983335   0.27412893 
  0.12257742   0.26102214 
  0.12257742   0.27070611 
  0.11289345   0.26102214 
  0.11289345   0.27070611 
  0.41623092   0.29654746 
  0.41623092   0.32008388 
  0.39269450   0.29654746 
  0.39269450   0.32008388 
  0.37543985   0.30907273 
  0.37543985   0.33267691 
  0.35183567   0.30907273 
  0.35183567   0.33267691 
  0.33532088   0.31380599 
  0.33532088   0.33532104 
  0.31380583   0.31380599 
  0.31380583   0.33532104 
  0.29915125   0.31315999 
  0.29915125   0.33168200 
  0.28062924   0.31315999 
  0.28062924   0.33168200 
  0.26790909   0.30981139 
  0.26790909   0.32604147 
  0.25167902   0.30981139 
  0.25167902   0.32604147 
  0.24044341   0.30525668 
  0.24044341   0.31972287 
  0.22597723   0.30525668 
  0.22597723   0.31972287 
  0.21588686   0.30024090 
  0.21588686   0.31334211 
  0.20278565   0.30024090 
  0.20278565   0.31334211 
  0.19358777   0.29516790 
  0.19358777   0.30719578 
  0.18155989   0.29516790 
  0.18155989   0.30719578 
  0.17306878   0.29026627 
  0.17306878   0.30143652 
  0.16189853   0.29026627 
  0.16189853   0.30143652 
  0.15397606   0.28567090 
  0.15397606   0.29614523 
  0.14350173   0.28567090 
  0.14350173   0.29614523 
  0.13604381   0.28146433 
  0.13604381   0.29136543 
  0.12614270   0.28146433 
  0.12614270   0.29136543 
  0.11907009   0.27769926 
  0.11907009   0.28712089 
  0.10964845   0.27769926 
  0.10964845   0.28712089 
  0.44005262   0.34020913 
  0.44005262   0.37165592 
  0.40860583   0.34020913 
  0.40860583   0.37165592 
  0.38530799   0.35310415 
  0.38530799   0.38530822 
  0.35310392   0.35310415 
  0.35310392   0.38530822 
  0.33267668   0.35183583 
  0.33267668   0.37544001 
  0.30907250   0.35183583 
  0.30907250   0.37544001 
  0.29337257   0.34552173 
  0.29337257   0.36481055 
  0.27408374   0.34552173 
  0.27408374   0.36481055 
  0.26102207   0.33798356 
  0.26102207   0.35437989 
  0.24462573   0.33798356 
  0.24462573   0.35437989 
  0.23336345   0.33027866 
  0.23336345   0.34465145 
  0.21899067   0.33027866 
  0.21899067   0.34465145 
  0.20901432   0.32285303 
  0.20901432   0.33573614 
  0.19613121   0.32285303 
  0.19613121   0.33573614 
  0.18711544   0.31589851 
  0.18711544   0.32764695 
  0.17536700   0.31589851 
  0.17536700   0.32764695 
  0.16709151   0.30950038 
  0.16709151   0.32036098 
  0.15623090   0.30950038 
  0.15623090   0.32036098 
  0.14854035   0.30369439 
  0.14854035   0.31384476 
  0.13838998   0.30369439 
  0.13838998   0.31384476 
  0.13117147   0.29849270 
  0.13117147   0.30806367 
  0.12160050   0.29849270 
  0.12160050   0.30806367 
  0.11477040   0.29389632 
  0.11477040   0.30298552 
  0.10568121   0.29389632 
  0.10568121   0.30298552 
  0.49100384   0.41206128 
  0.49100384   0.49100397 
  0.41206115   0.41206128 
  0.41206115   0.49100397 
  0.37165572   0.40860613 
  0.37165572   0.44005312 
  0.34020873   0.40860613 
  0.34020873   0.44005312 
  0.32008344   0.39269462 
  0.32008344   0.41623092 
  0.29654714   0.39269462 
  0.29654714   0.41623092 
  0.28108172   0.37872129 
  0.28108172   0.39743731 
  0.26236570   0.37872129 
  0.26236570   0.39743731 
  0.24973539   0.36616114 
  0.24973539   0.38195177 
  0.23394476   0.36616114 
  0.23394476   0.38195177 
  0.22311964   0.35495759 
  0.22311964   0.36874172 
  0.20933552   0.35495759 
  0.20933552   0.36874172 
  0.19977686   0.34496500 
  0.19977686   0.35729562 
  0.18744624   0.34496500 
  0.18744624   0.35729562 
  0.17882112   0.33605897 
  0.17882112   0.34729262 
  0.16758748   0.33605897 
  0.16758748   0.34729262 
  0.15967627   0.32813565 
  0.15967627   0.33851584 
  0.14929609   0.32813565 
  0.14929609   0.33851584 
  0.14194632   0.32111042 
  0.14194632   0.33081018 
  0.13224655   0.32111042 
  0.13224655   0.33081018 
  0.12534860   0.31491448 
  0.12534860   0.32406025 
  0.11620283   0.31491448 
  0.11620283   0.32406025 
  0.10967610   0.30949154 
  0.10967610   0.31817713 
  0.10099050   0.30949154 
  0.10099050   0.31817713 
  0.36966976   0.52558103 
  0.36966976   0.54110462 
  0.35414617   0.52558103 
  0.35414617   0.54110462 
  0.33884396   0.46118370 
  0.33884396   0.48746652 
  0.31256114   0.46118370 
  0.31256114   0.48746652 
  0.29560746   0.43217931 
  0.29560746   0.45221481 
  0.27557196   0.43217931 
  0.27557196   0.45221481 
  0.26212145   0.41040486 
  0.26212145   0.42711685 
  0.24540947   0.41040486 
  0.24540947   0.42711685 
  0.23403472   0.39298928 
  0.23403472   0.40735369 
  0.21967030   0.39298928 
  0.21967030   0.40735369 
  0.20976749   0.37843213 
  0.20976749   0.39112270 
  0.19707692   0.37843213 
  0.19707692   0.39112270 
  0.18824286   0.36599793 
  0.18824286   0.37744247 
  0.17679832   0.36599793 
  0.17679832   0.37744247 
  0.16877055   0.35524320 
  0.16877055   0.36573095 
  0.15828279   0.35524320 
  0.15828279   0.36573095 
  0.15088116   0.34587809 
  0.15088116   0.35561197 
  0.14114729   0.34587809 
  0.14114729   0.35561197 
  0.13424372   0.33770126 
  0.13424372   0.34682828 
  0.12511671   0.33770126 
  0.12511671   0.34682828 
  0.11861743   0.33056639 
  0.11861743   0.33919572 
  0.10998811   0.33056639 
  0.10998811   0.33919572 
  0.10382304   0.32436279 
  0.10382304   0.33257673 
  0.09560910   0.32436279 
  0.09560910   0.33257673 
  0.30960373   0.55077058 
  0.30960373   0.56165487 
  0.29871944   0.55077058 
  0.29871944   0.56165487 
  0.28936751   0.50245470 
  0.28936751   0.51712035 
  0.27470186   0.50245470 
  0.27470186   0.51712035 
  0.26376020   0.46512196 
  0.26376020   0.48034948 
  0.24853269   0.46512196 
  0.24853269   0.48034948 
  0.23794569   0.43824720 
  0.23794569   0.45194389 
  0.22424899   0.43824720 
  0.22424899   0.45194389 
  0.21472300   0.41712409 
  0.21472300   0.42945291 
  0.20239418   0.41712409 
  0.20239418   0.42945291 
  0.19378334   0.39986596 
  0.19378334   0.41106240 
  0.18258690   0.39986596 
  0.18258690   0.41106240 
  0.17472414   0.38539604 
  0.17472414   0.39568105 
  0.16443912   0.38539604 
  0.16443912   0.39568105 
  0.15717970   0.37306458 
  0.15717970   0.38261268 
  0.14763160   0.37306458 
  0.14763160   0.38261268 
  0.14086227   0.36244930 
  0.14086227   0.37139536 
  0.13191621   0.36244930 
  0.13191621   0.37139536 
  0.12554936   0.35326136 
  0.12554936   0.36170985 
  0.11710088   0.35326136 
  0.11710088   0.36170985 
  0.11106836   0.34529442 
  0.11106836   0.35332708 
  0.10303570   0.34529442 
  0.10303570   0.35332708 
  0.09728396   0.33839483 
  0.09728396   0.34607622 
  0.08960257   0.33839483 
  0.08960257   0.34607622 
  0.26233428   0.56908331 
  0.26233428   0.57849388 
  0.25292370   0.56908331 
  0.25292370   0.57849388 
  0.24598567   0.52598186 
  0.24598567   0.53552633 
  0.23644121   0.52598186 
  0.23644121   0.53552633 
  0.22913501   0.48973582 
  0.22913501   0.50015226 
  0.21871857   0.48973582 
  0.21871857   0.50015226 
  0.21107486   0.46078826 
  0.21107486   0.47125483 
  0.20060829   0.46078826 
  0.20060829   0.47125483 
  0.19310883   0.43763400 
  0.19310883   0.44765634 
  0.18308649   0.43763400 
  0.18308649   0.44765634 
  0.17594759   0.41863105 
  0.17594759   0.42811256 
  0.16646608   0.41863105 
  0.16646608   0.42811256 
  0.15971810   0.40272314 
  0.15971810   0.41167746 
  0.15076378   0.40272314 
  0.15076378   0.41167746 
  0.14438351   0.38921030 
  0.14438351   0.39768721 
  0.13590659   0.38921030 
  0.13590659   0.39768721 
  0.12985501   0.37761866 
  0.12985501   0.38567499 
  0.12179868   0.37761866 
  0.12179868   0.38567499 
  0.11603513   0.36761694 
  0.11603513   0.37530695 
  0.10834512   0.36761694 
  0.10834512   0.37530695 
  0.10283181   0.35896580 
  0.10283181   0.36633842 
  0.09545919   0.35896580 
  0.09545919   0.36633842 
  0.09016241   0.35148602 
  0.09016241   0.35858447 
  0.08306396   0.35148602 
  0.08306396   0.35858447 
  0.21241789   0.58323095 
  0.21241789   0.58676227 
  0.20888657   0.58323095 
  0.20888657   0.58676227 
  0.20559732   0.54101654 
  0.20559732   0.54647160 
  0.20014226   0.54101654 
  0.20014226   0.54647160 
  0.19566946   0.50644106 
  0.19566946   0.51320594 
  0.18890457   0.50644106 
  0.18890457   0.51320594 
  0.18367935   0.47783496 
  0.18367935   0.48534564 
  0.17616867   0.47783496 
  0.17616867   0.48534564 
  0.17057732   0.45416701 
  0.17057732   0.46193218 
  0.16281215   0.45416701 
  0.16281215   0.46193218 
  0.15713949   0.43441344 
  0.15713949   0.44214627 
  0.14940666   0.43441344 
  0.14940666   0.44214627 
  0.14380649   0.41772472 
  0.14380649   0.42529183 
  0.13623939   0.41772472 
  0.13623939   0.42529183 
  0.13078057   0.40347904 
  0.13078057   0.41082570 
  0.12343391   0.40347904 
  0.12343391   0.41082570 
  0.11814177   0.39122688 
  0.11814177   0.39833861 
  0.11103004   0.39122688 
  0.11103004   0.39833861 
  0.10590775   0.38064091 
  0.10590775   0.38752353 
  0.09902513   0.38064091 
  0.09902513   0.38752353 
  0.09406468   0.37147822 
  0.09406468   0.37814779 
  0.08739512   0.37147822 
  0.08739512   0.37814779 
  0.08258285   0.36355372 
  0.08258285   0.37003150 
  0.07610507   0.36355372 
  0.07610507   0.37003150 
  0.16661604   0.58743454 
  0.16661604   0.58573990 
  0.16831068   0.58743454 
  0.16831068   0.58573990 
  0.16826164   0.54913761 
  0.16826164   0.55096622 
  0.16643302   0.54913761 
  0.16643302   0.55096622 
  0.16435860   0.51708716 
  0.16435860   0.52092596 
  0.16051980   0.51708716 
  0.16051980   0.52092596 
  0.15726319   0.48994626 
  0.15726319   0.49500471 
  0.15220474   0.48994626 
  0.15220474   0.49500471 
  0.14824755   0.46688011 
  0.14824755   0.47263291 
  0.14249475   0.46688011 
  0.14249475   0.47263291 
  0.13815772   0.44720804 
  0.13815772   0.45330422 
  0.13206154   0.44720804 
  0.13206154   0.45330422 
  0.12755232   0.43033945 
  0.12755232   0.43656269 
  0.12132907   0.43033945 
  0.12132907   0.43656269 
  0.11677263   0.41579333 
  0.11677263   0.42201851 
  0.11054746   0.41579333 
  0.11054746   0.42201851 
  0.10601474   0.40319584 
  0.10601474   0.40935428 
  0.09985629   0.40319584 
  0.09985629   0.40935428 
  0.09538486   0.39226002 
  0.09538486   0.39831775 
  0.08932714   0.39226002 
  0.08932714   0.39831775 
  0.08493400   0.38276487 
  0.08493400   0.38870942 
  0.07898945   0.38276487 
  0.07898945   0.38870942 
  0.07467866   0.37453748 
  0.07467866   0.38037025 
  0.06884588   0.37453748 
  0.06884588   0.38037025 
  0.12968790   0.58356956 
  0.12968790   0.57933474 
  0.13392273   0.58356956 
  0.13392273   0.57933474 
  0.13571682   0.55139151 
  0.13571682   0.55072479 
  0.13638353   0.55139151 
  0.13638353   0.55072479 
  0.13602909   0.52292953 
  0.13602909   0.52456460 
  0.13439403   0.52292953 
  0.13439403   0.52456460 
  0.13265196   0.49799982 
  0.13265196   0.50112417 
  0.12952761   0.49799982 
  0.12952761   0.50112417 
  0.12689217   0.47623043 
  0.12689217   0.48030624 
  0.12281636   0.47623043 
  0.12281636   0.48030624 
  0.11961921   0.45724088 
  0.11961921   0.46189985 
  0.11496024   0.45724088 
  0.11496024   0.46189985 
  0.11142719   0.44066830 
  0.11142719   0.44566179 
  0.10643370   0.44066830 
  0.10643370   0.44566179 
  0.10271523   0.42618781 
  0.10271523   0.43135337 
  0.09754966   0.42618781 
  0.09754966   0.43135337 
  0.09374274   0.41352463 
  0.09374274   0.41875976 
  0.08850760   0.41352463 
  0.08850760   0.41875976 
  0.08467235   0.40245409 
  0.08467235   0.40769704 
  0.07942940   0.40245409 
  0.07942940   0.40769704 
  0.07560086   0.39279476 
  0.07560086   0.39801157 
  0.07038405   0.39279476 
  0.07038405   0.39801157 
  0.06657997   0.38439979 
  0.06657997   0.38957593 
  0.06140383   0.38439979 
  0.06140383   0.38957593 
  0.10109855   0.57599080 
  0.10109855   0.57108981 
  0.10599953   0.57599080 
  0.10599953   0.57108981 
  0.10851930   0.54975487 
  0.10851930   0.54777172 
  0.11050246   0.54975487 
  0.11050246   0.54777172 
  0.11116341   0.52522800 
  0.11116341   0.52540540 
  0.11098602   0.52522800 
  0.11098602   0.52540540 
  0.11029782   0.50289103 
  0.11029782   0.50459383 
  0.10859503   0.50289103 
  0.10859503   0.50459383 
  0.10696383   0.48280601 
  0.10696383   0.48555972 
  0.10421013   0.48280601 
  0.10421013   0.48555972 
  0.10193605   0.46487131 
  0.10193605   0.46833052 
  0.09847684   0.46487131 
  0.09847684   0.46833052 
  0.09577684   0.44892337 
  0.09577684   0.45284069 
  0.09185953   0.44892337 
  0.09185953   0.45284069 
  0.08888756   0.43478224 
  0.08888756   0.43898451 
  0.08468529   0.43478224 
  0.08468529   0.43898451 
  0.08154782   0.42227529 
  0.08154782   0.42664476 
  0.07717835   0.42227529 
  0.07717835   0.42664476 
  0.07394673   0.41124838 
  0.07394673   0.41570788 
  0.06948723   0.41124838 
  0.06948723   0.41570788 
  0.06620709   0.40156890 
  0.06620709   0.40607089 
  0.06170510   0.40156890 
  0.06170510   0.40607089 
  0.05840324   0.39312454 
  0.05840324   0.39764340 
  0.05388439   0.39312454 
  0.05388439   0.39764340 
  0.07868746   0.56756101 
  0.07868746   0.56282112 
  0.08342735   0.56756101 
  0.08342735   0.56282112 
  0.08607077   0.54613734 
  0.08607077   0.54365528 
  0.08855283   0.54613734 
  0.08855283   0.54365528 
  0.08970042   0.52523123 
  0.08970042   0.52457801 
  0.09035364   0.52523123 
  0.09035364   0.52457801 
  0.09032112   0.50548871 
  0.09032112   0.50623078 
  0.08957905   0.50548871 
  0.08957905   0.50623078 
  0.08866059   0.48721449 
  0.08866059   0.48898170 
  0.08689337   0.48721449 
  0.08689337   0.48898170 
  0.08533176   0.47051145 
  0.08533176   0.47301065 
  0.08283256   0.47051145 
  0.08283256   0.47301065 
  0.08081679   0.45537552 
  0.08081679   0.45838350 
  0.07780881   0.45537552 
  0.07780881   0.45838350 
  0.07548096   0.44174949 
  0.07548096   0.44510131 
  0.07212914   0.44174949 
  0.07212914   0.44510131 
  0.06959288   0.42955350 
  0.06959288   0.43313087 
  0.06601551   0.42955350 
  0.06601551   0.43313087 
  0.06334408   0.41870219 
  0.06334408   0.42242329 
  0.05962298   0.41870219 
  0.05962298   0.42242329 
  0.05686598   0.40911372 
  0.05686598   0.41292489 
  0.05305481   0.40911372 
  0.05305481   0.41292489 
  0.05024352   0.40071371 
  0.05024352   0.40458311 
  0.04637412   0.40071371 
  0.04637412   0.40458311 
  0.06074573   0.55954096 
  0.06074573   0.55531928 
  0.06496741   0.55954096 
  0.06496741   0.55531928 
  0.06742813   0.54183130 
  0.06742813   0.53933018 
  0.06992925   0.54183130 
  0.06992925   0.53933018 
  0.07122313   0.52396051 
  0.07122313   0.52292668 
  0.07225696   0.52396051 
  0.07225696   0.52292668 
  0.07257968   0.50655809 
  0.07257968   0.50671023 
  0.07242753   0.50655809 
  0.07242753   0.50671023 
  0.07198006   0.49002032 
  0.07198006   0.49109067 
  0.07090971   0.49002032 
  0.07090971   0.49109067 
  0.06987438   0.47456898 
  0.06987438   0.47632720 
  0.06811615   0.47456898 
  0.06811615   0.47632720 
  0.06664552   0.46031158 
  0.06664552   0.46257119 
  0.06438591   0.46031158 
  0.06438591   0.46257119 
  0.06260123   0.44728576 
  0.06260123   0.44990196 
  0.05998503   0.44728576 
  0.05998503   0.44990196 
  0.05797902   0.43548870 
  0.05797902   0.43835303 
  0.05511469   0.43548870 
  0.05511469   0.43835303 
  0.05295565   0.42489594 
  0.05295565   0.42793022 
  0.04992136   0.42489594 
  0.04992136   0.42793022 
  0.04765750   0.41547311 
  0.04765750   0.41862382 
  0.04450679   0.41547311 
  0.04450679   0.41862382 
  0.04217001   0.40718296 
  0.04217001   0.41041647 
  0.03893650   0.40718296 
  0.03893650   0.41041647 
  0.04609105   0.55248805 
  0.04609105   0.54897465 
  0.04960445   0.55248805 
  0.04960445   0.54897465 
  0.05171332   0.53759183 
  0.05171332   0.53534368 
  0.05396147   0.53759183 
  0.05396147   0.53534368 
  0.05519312   0.52213951 
  0.05519312   0.52102272 
  0.05630990   0.52213951 
  0.05630990   0.52102272 
  0.05677852   0.50670608 
  0.05677852   0.50654259 
  0.05694201   0.50670608 
  0.05694201   0.50654259 
  0.05678045   0.49170385 
  0.05678045   0.49230873 
  0.05617557   0.49170385 
  0.05617557   0.49230873 
  0.05551401   0.47741092 
  0.05551401   0.47861346 
  0.05431147   0.47741092 
  0.05431147   0.47861346 
  0.05326588   0.46400369 
  0.05326588   0.46565774 
  0.05161184   0.46400369 
  0.05161184   0.46565774 
  0.05027916   0.45158681 
  0.05027916   0.45357372 
  0.04829225   0.45158681 
  0.04829225   0.45357372 
  0.04674966   0.44021678 
  0.04674966   0.44244431 
  0.04452213   0.44021678 
  0.04452213   0.44244431 
  0.04282855   0.42991910 
  0.04282855   0.43231852 
  0.04042913   0.42991910 
  0.04042913   0.43231852 
  0.03862752   0.42070041 
  0.03862752   0.42322307 
  0.03610486   0.42070041 
  0.03610486   0.42322307 
  0.03422467   0.41255684 
  0.03422467   0.41517095 
  0.03161056   0.41255684 
  0.03161056   0.41517095 
  0.03376300   0.54668360 
  0.03376300   0.54393773 
  0.03650887   0.54668360 
  0.03650887   0.54393773 
  0.03818816   0.53384657 
  0.03818816   0.53200453 
  0.04003020   0.53384657 
  0.04003020   0.53200453 
  0.04107427   0.52024411 
  0.04107427   0.51923369 
  0.04208469   0.52024411 
  0.04208469   0.51923369 
  0.04255972   0.50637756 
  0.04255972   0.50609017 
  0.04284711   0.50637756 
  0.04284711   0.50609017 
  0.04283770   0.49264473 
  0.04283770   0.49295781 
  0.04252462   0.49264473 
  0.04252462   0.49295781 
  0.04211955   0.47934410 
  0.04211955   0.48013769 
  0.04132595   0.47934410 
  0.04132595   0.48013769 
  0.04060850   0.46669013 
  0.04060850   0.46785665 
  0.03944198   0.46669013 
  0.03944198   0.46785665 
  0.03848473   0.45483126 
  0.03848473   0.45628002 
  0.03703597   0.45483126 
  0.03703597   0.45628002 
  0.03589872   0.44386661 
  0.03589872   0.44552487 
  0.03424046   0.44386661 
  0.03424046   0.44552487 
  0.03297022   0.43386004 
  0.03297022   0.43567213 
  0.03115813   0.43386004 
  0.03115813   0.43567213 
  0.02979009   0.42485121 
  0.02979009   0.42677670 
  0.02786460   0.42485121 
  0.02786460   0.42677670 
  0.02642349   0.41686411 
  0.02642349   0.41887580 
  0.02441181   0.41686411 
  0.02441181   0.41887580 
  0.02306207   0.54221545 
  0.02306207   0.54025595 
  0.02502157   0.54221545 
  0.02502157   0.54025595 
  0.02623472   0.53083437 
  0.02623472   0.52947950 
  0.02758959   0.53083437 
  0.02758959   0.52947950 
  0.02837370   0.51857566 
  0.02837370   0.51778831 
  0.02916105   0.51857566 
  0.02916105   0.51778831 
  0.02955293   0.50588129 
  0.02955293   0.50559799 
  0.02983623   0.50588129 
  0.02983623   0.50559799 
  0.02988710   0.49312523 
  0.02988710   0.49326953 
  0.02974279   0.49312523 
  0.02974279   0.49326953 
  0.02950933   0.48060881 
  0.02950933   0.48110233 
  0.02901581   0.48060881 
  0.02901581   0.48110233 
  0.02855338   0.46856541 
  0.02855338   0.46933526 
  0.02778353   0.46856541 
  0.02778353   0.46933526 
  0.02714197   0.45717007 
  0.02714197   0.45815299 
  0.02615905   0.45717007 
  0.02615905   0.45815299 
  0.02538054   0.44655057 
  0.02538054   0.44769458 
  0.02423653   0.44655057 
  0.02423653   0.44769458 
  0.02335496   0.43679823 
  0.02335496   0.43806270 
  0.02209049   0.43679823 
  0.02209049   0.43806270 
  0.02113174   0.42797739 
  0.02113174   0.42933226 
  0.01977688   0.42797739 
  0.01977688   0.42933226 
  0.01875952   0.42013356 
  0.01875952   0.42155816 
  0.01733493   0.42013356 
  0.01733493   0.42155816 
  0.01343340   0.53910972 
  0.01343340   0.53793766 
  0.01460546   0.53910972 
  0.01460546   0.53793766 
  0.01533674   0.52868130 
  0.01533674   0.52785545 
  0.01616259   0.52868130 
  0.01616259   0.52785545 
  0.01664639   0.51731860 
  0.01664639   0.51682267 
  0.01714231   0.51731860 
  0.01714231   0.51682267 
  0.01739667   0.50542146 
  0.01739667   0.50522246 
  0.01759567   0.50542146 
  0.01759567   0.50522246 
  0.01764789   0.49334297 
  0.01764789   0.49339930 
  0.01759157   0.49334297 
  0.01759157   0.49339930 
  0.01747300   0.48138092 
  0.01747300   0.48164852 
  0.01720540   0.48138092 
  0.01720540   0.48164852 
  0.01694754   0.46977696 
  0.01694754   0.47021386 
  0.01651064   0.46977696 
  0.01651064   0.47021386 
  0.01614245   0.45872104 
  0.01614245   0.45929005 
  0.01557344   0.45872104 
  0.01557344   0.45929005 
  0.01511991   0.44835858 
  0.01511991   0.44902865 
  0.01444984   0.44835858 
  0.01444984   0.44902865 
  0.01393134   0.43879877 
  0.01393134   0.43954527 
  0.01318483   0.43879877 
  0.01318483   0.43954527 
  0.01261713   0.43012263 
  0.01261713   0.43092712 
  0.01181264   0.43012263 
  0.01181264   0.43092712 
  0.01120720   0.42239058 
  0.01120720   0.42324018 
  0.01035760   0.42239058 
  0.01035760   0.42324018 
  0.00441073   0.53736553 
  0.00441073   0.53697452 
  0.00480174   0.53736553 
  0.00480174   0.53697452 
  0.00504628   0.52745174 
  0.00504628   0.52717465 
  0.00532337   0.52745174 
  0.00532337   0.52717465 
  0.00548665   0.51657930 
  0.00548665   0.51641033 
  0.00565562   0.51657930 
  0.00565562   0.51641033 
  0.00574344   0.50512365 
  0.00574344   0.50505270 
  0.00581440   0.50512365 
  0.00581440   0.50505270 
  0.00583529   0.49342499 
  0.00583529   0.49343887 
  0.00582140   0.49342499 
  0.00582140   0.49343887 
  0.00578538   0.48177741 
  0.00578538   0.48186195 
  0.00570085   0.48177741 
  0.00570085   0.48186195 
  0.00561811   0.47042557 
  0.00561811   0.47056707 
  0.00547661   0.47042557 
  0.00547661   0.47056707 
  0.00535666   0.45956649 
  0.00535666   0.45975271 
  0.00517044   0.45956649 
  0.00517044   0.45975271 
  0.00502152   0.44935467 
  0.00502152   0.44957529 
  0.00480090   0.44935467 
  0.00480090   0.44957529 
  0.00462982   0.43990884 
  0.00462982   0.44015562 
  0.00438303   0.43990884 
  0.00438303   0.44015562 
  0.00419507   0.43131921 
  0.00419507   0.43158595 
  0.00392834   0.43131921 
  0.00392834   0.43158595 
  0.00372737   0.42365450 
  0.00372737   0.42393682 
  0.00344505   0.42365450 
  0.00344505   0.42393682 
  0.32436284   0.09560915 
  0.33257679   0.09560915 
  0.32436284   0.10382310 
  0.33257679   0.10382310 
  0.33056644   0.10998817 
  0.33919577   0.10998817 
  0.33056644   0.11861750 
  0.33919577   0.11861750 
  0.33770132   0.12511678 
  0.34682834   0.12511678 
  0.33770132   0.13424380 
  0.34682834   0.13424380 
  0.34587815   0.14114738 
  0.35561203   0.14114738 
  0.34587815   0.15088126 
  0.35561203   0.15088126 
  0.35524325   0.15828290 
  0.36573101   0.15828290 
  0.35524325   0.16877067 
  0.36573101   0.16877067 
  0.36599798   0.17679845 
  0.37744253   0.17679845 
  0.36599798   0.18824301 
  0.37744253   0.18824301 
  0.37843217   0.19707708 
  0.39112277   0.19707708 
  0.37843217   0.20976768 
  0.39112277   0.20976768 
  0.39298931   0.21967051 
  0.40735375   0.21967051 
  0.39298931   0.23403495 
  0.40735375   0.23403495 
  0.41040487   0.24540972 
  0.42711690   0.24540972 
  0.41040487   0.26212175 
  0.42711690   0.26212175 
  0.43217934   0.27557228 
  0.45221482   0.27557228 
  0.43217934   0.29560775 
  0.45221482   0.29560775 
  0.46118351   0.31256182 
  0.48746739   0.31256182 
  0.46118351   0.33884570 
  0.48746739   0.33884570 
  0.52557981   0.35414720 
  0.54110042   0.35414720 
  0.52557981   0.36966782 
  0.54110042   0.36966782 
  0.33839489   0.08960262 
  0.34607629   0.08960262 
  0.33839489   0.09728402 
  0.34607629   0.09728402 
  0.34529449   0.10303577 
  0.35332715   0.10303577 
  0.34529449   0.11106843 
  0.35332715   0.11106843 
  0.35326143   0.11710095 
  0.36170992   0.11710095 
  0.35326143   0.12554944 
  0.36170992   0.12554944 
  0.36244937   0.13191629 
  0.37139544   0.13191629 
  0.36244937   0.14086236 
  0.37139544   0.14086236 
  0.37306466   0.14763171 
  0.38261277   0.14763171 
  0.37306466   0.15717982 
  0.38261277   0.15717982 
  0.38539611   0.16443926 
  0.39568115   0.16443926 
  0.38539611   0.17472429 
  0.39568115   0.17472429 
  0.39986604   0.18258707 
  0.41106250   0.18258707 
  0.39986604   0.19378353 
  0.41106250   0.19378353 
  0.41712417   0.20239439 
  0.42945301   0.20239439 
  0.41712417   0.21472323 
  0.42945301   0.21472323 
  0.43824728   0.22424925 
  0.45194400   0.22424925 
  0.43824728   0.23794597 
  0.45194400   0.23794597 
  0.46512202   0.24853302 
  0.48034966   0.24853302 
  0.46512202   0.26376066 
  0.48034966   0.26376066 
  0.50245547   0.27470187 
  0.51711976   0.27470187 
  0.50245547   0.28936617 
  0.51711976   0.28936617 
  0.55076998   0.29872229 
  0.56166710   0.29872229 
  0.55076998   0.30961941 
  0.56166710   0.30961941 
  0.35148609   0.08306401 
  0.35858454   0.08306401 
  0.35148609   0.09016247 
  0.35858454   0.09016247 
  0.35896588   0.09545925 
  0.36633850   0.09545925 
  0.35896588   0.10283188 
  0.36633850   0.10283188 
  0.36761703   0.10834519 
  0.37530704   0.10834519 
  0.36761703   0.11603520 
  0.37530704   0.11603520 
  0.37761875   0.12179877 
  0.38567508   0.12179877 
  0.37761875   0.12985510 
  0.38567508   0.12985510 
  0.38921039   0.13590669 
  0.39768732   0.13590669 
  0.38921039   0.14438362 
  0.39768732   0.14438362 
  0.40272325   0.15076390 
  0.41167759   0.15076390 
  0.40272325   0.15971824 
  0.41167759   0.15971824 
  0.41863117   0.16646624 
  0.42811270   0.16646624 
  0.41863117   0.17594777 
  0.42811270   0.17594777 
  0.43763413   0.18308669 
  0.44765649   0.18308669 
  0.43763413   0.19310906 
  0.44765649   0.19310906 
  0.46078839   0.20060855 
  0.47125500   0.20060855 
  0.46078839   0.21107516 
  0.47125500   0.21107516 
  0.48973600   0.21871885 
  0.50015233   0.21871885 
  0.48973600   0.22913518 
  0.50015233   0.22913518 
  0.52598127   0.23644182 
  0.53552705   0.23644182 
  0.52598127   0.24598761 
  0.53552705   0.24598761 
  0.56909180   0.25291768 
  0.57847932   0.25291768 
  0.56909180   0.26230520 
  0.57847932   0.26230520 
  0.36355380   0.07610511 
  0.37003158   0.07610511 
  0.36355380   0.08258290 
  0.37003158   0.08258290 
  0.37147831   0.08739517 
  0.37814788   0.08739517 
  0.37147831   0.09406474 
  0.37814788   0.09406474 
  0.38064100   0.09902519 
  0.38752363   0.09902519 
  0.38064100   0.10590782 
  0.38752363   0.10590782 
  0.39122698   0.11103011 
  0.39833873   0.11103011 
  0.39122698   0.11814185 
  0.39833873   0.11814185 
  0.40347916   0.12343400 
  0.41082583   0.12343400 
  0.40347916   0.13078067 
  0.41082583   0.13078067 
  0.41772486   0.13623949 
  0.42529198   0.13623949 
  0.41772486   0.14380661 
  0.42529198   0.14380661 
  0.43441360   0.14940679 
  0.44214645   0.14940679 
  0.43441360   0.15713965 
  0.44214645   0.15713965 
  0.45416720   0.16281233 
  0.46193240   0.16281233 
  0.45416720   0.17057753 
  0.46193240   0.17057753 
  0.47783517   0.17616891 
  0.48534589   0.17616891 
  0.47783517   0.18367964 
  0.48534589   0.18367964 
  0.50644116   0.18890494 
  0.51320624   0.18890494 
  0.50644116   0.19567001 
  0.51320624   0.19567001 
  0.54101728   0.20014243 
  0.54647107   0.20014243 
  0.54101728   0.20559623 
  0.54647107   0.20559623 
  0.58321643   0.20889349 
  0.58677092   0.20889349 
  0.58321643   0.21244798 
  0.58677092   0.21244798 
  0.37453756   0.06884592 
  0.38037034   0.06884592 
  0.37453756   0.07467869 
  0.38037034   0.07467869 
  0.38276497   0.07898949 
  0.38870952   0.07898949 
  0.38276497   0.08493404 
  0.38870952   0.08493404 
  0.39226013   0.08932718 
  0.39831786   0.08932718 
  0.39226013   0.09538492 
  0.39831786   0.09538492 
  0.40319595   0.09985635 
  0.40935441   0.09985635 
  0.40319595   0.10601480 
  0.40935441   0.10601480 
  0.41579347   0.11054753 
  0.42201865   0.11054753 
  0.41579347   0.11677271 
  0.42201865   0.11677271 
  0.43033961   0.12132915 
  0.43656286   0.12132915 
  0.43033961   0.12755241 
  0.43656286   0.12755241 
  0.44720824   0.13206164 
  0.45330443   0.13206164 
  0.44720824   0.13815783 
  0.45330443   0.13815783 
  0.46688035   0.14249488 
  0.47263318   0.14249488 
  0.46688035   0.14824771 
  0.47263318   0.14824771 
  0.48994655   0.15220494 
  0.49500506   0.15220494 
  0.48994655   0.15726345 
  0.49500506   0.15726345 
  0.51708755   0.16052012 
  0.52092643   0.16052012 
  0.51708755   0.16435900 
  0.52092643   0.16435900 
  0.54913711   0.16643393 
  0.55096704   0.16643393 
  0.54913711   0.16826386 
  0.55096704   0.16826386 
  0.58744691   0.16830862 
  0.58573927   0.16830862 
  0.58744691   0.16660097 
  0.58573927   0.16660097 
  0.38439988   0.06140386 
  0.38957602   0.06140386 
  0.38439988   0.06658000 
  0.38957602   0.06658000 
  0.39279486   0.07038409 
  0.39801167   0.07038409 
  0.39279486   0.07560090 
  0.39801167   0.07560090 
  0.40245420   0.07942944 
  0.40769715   0.07942944 
  0.40245420   0.08467239 
  0.40769715   0.08467239 
  0.41352475   0.08850764 
  0.41875989   0.08850764 
  0.41352475   0.09374278 
  0.41875989   0.09374278 
  0.42618795   0.09754971 
  0.43135352   0.09754971 
  0.42618795   0.10271528 
  0.43135352   0.10271528 
  0.44066848   0.10643375 
  0.44566197   0.10643375 
  0.44066848   0.11142725 
  0.44566197   0.11142725 
  0.45724110   0.11496030 
  0.46190007   0.11496030 
  0.45724110   0.11961927 
  0.46190007   0.11961927 
  0.47623071   0.12281643 
  0.48030653   0.12281643 
  0.47623071   0.12689224 
  0.48030653   0.12689224 
  0.49800021   0.12952769 
  0.50112458   0.12952769 
  0.49800021   0.13265207 
  0.50112458   0.13265207 
  0.52293008   0.13439418 
  0.52456527   0.13439418 
  0.52293008   0.13602937 
  0.52456527   0.13602937 
  0.55139286   0.13638391 
  0.55072631   0.13638391 
  0.55139286   0.13571735 
  0.55072631   0.13571735 
  0.58356456   0.13392372 
  0.57933081   0.13392372 
  0.58356456   0.12968997 
  0.57933081   0.12968997 
  0.39312464   0.05388441 
  0.39764349   0.05388441 
  0.39312464   0.05840327 
  0.39764349   0.05840327 
  0.40156900   0.06170512 
  0.40607099   0.06170512 
  0.40156900   0.06620712 
  0.40607099   0.06620712 
  0.41124850   0.06948725 
  0.41570800   0.06948725 
  0.41124850   0.07394675 
  0.41570800   0.07394675 
  0.42227542   0.07717838 
  0.42664488   0.07717838 
  0.42227542   0.08154784 
  0.42664488   0.08154784 
  0.43478239   0.08468531 
  0.43898466   0.08468531 
  0.43478239   0.08888758 
  0.43898466   0.08888758 
  0.44892355   0.09185955 
  0.45284086   0.09185955 
  0.44892355   0.09577686 
  0.45284086   0.09577686 
  0.46487153   0.09847685 
  0.46833073   0.09847685 
  0.46487153   0.10193605 
  0.46833073   0.10193605 
  0.48280630   0.10421013 
  0.48555999   0.10421013 
  0.48280630   0.10696381 
  0.48555999   0.10696381 
  0.50289143   0.10859499 
  0.50459420   0.10859499 
  0.50289143   0.11029775 
  0.50459420   0.11029775 
  0.52522868   0.11098590 
  0.52540598   0.11098590 
  0.52522868   0.11116320 
  0.52540598   0.11116320 
  0.54975624   0.11050201 
  0.54777253   0.11050201 
  0.54975624   0.10851830 
  0.54777253   0.10851830 
  0.57599178   0.10600283 
  0.57110312   0.10600283 
  0.57599178   0.10111417 
  0.57110312   0.10111417 
  0.40071381   0.04637413 
  0.40458321   0.04637413 
  0.40071381   0.05024354 
  0.40458321   0.05024354 
  0.40911382   0.05305482 
  0.41292499   0.05305482 
  0.40911382   0.05686599 
  0.41292499   0.05686599 
  0.41870231   0.05962299 
  0.42242341   0.05962299 
  0.41870231   0.06334409 
  0.42242341   0.06334409 
  0.42955363   0.06601552 
  0.43313099   0.06601552 
  0.42955363   0.06959289 
  0.43313099   0.06959289 
  0.44174964   0.07212914 
  0.44510145   0.07212914 
  0.44174964   0.07548096 
  0.44510145   0.07548096 
  0.45537569   0.07780880 
  0.45838366   0.07780880 
  0.45537569   0.08081677 
  0.45838366   0.08081677 
  0.47051165   0.08283253 
  0.47301084   0.08283253 
  0.47051165   0.08533171 
  0.47301084   0.08533171 
  0.48721474   0.08689331 
  0.48898192   0.08689331 
  0.48721474   0.08866049 
  0.48898192   0.08866049 
  0.50548904   0.08957892 
  0.50623104   0.08957892 
  0.50548904   0.09032092 
  0.50623104   0.09032092 
  0.52523170   0.09035333 
  0.52457826   0.09035333 
  0.52523170   0.08969989 
  0.52457826   0.08969989 
  0.54613789   0.08855216 
  0.54365568   0.08855216 
  0.54613789   0.08606995 
  0.54365568   0.08606995 
  0.56757236   0.08342001 
  0.56281482   0.08342001 
  0.56757236   0.07866247 
  0.56281482   0.07866247 
  0.40718306   0.03893651 
  0.41041656   0.03893651 
  0.40718306   0.04217001 
  0.41041656   0.04217001 
  0.41547321   0.04450680 
  0.41862392   0.04450680 
  0.41547321   0.04765750 
  0.41862392   0.04765750 
  0.42489605   0.04992137 
  0.42793033   0.04992137 
  0.42489605   0.05295565 
  0.42793033   0.05295565 
  0.43548882   0.05511469 
  0.43835314   0.05511469 
  0.43548882   0.05797902 
  0.43835314   0.05797902 
  0.44728589   0.05998502 
  0.44990209   0.05998502 
  0.44728589   0.06260122 
  0.44990209   0.06260122 
  0.46031173   0.06438588 
  0.46257133   0.06438588 
  0.46031173   0.06664548 
  0.46257133   0.06664548 
  0.47456915   0.06811610 
  0.47632736   0.06811610 
  0.47456915   0.06987431 
  0.47632736   0.06987431 
  0.49002052   0.07090962 
  0.49109083   0.07090962 
  0.49002052   0.07197994 
  0.49109083   0.07197994 
  0.50655830   0.07242737 
  0.50671039   0.07242737 
  0.50655830   0.07257946 
  0.50671039   0.07257946 
  0.52396065   0.07225670 
  0.52292676   0.07225670 
  0.52396065   0.07122280 
  0.52292676   0.07122280 
  0.54183137   0.06992862 
  0.53932949   0.06992862 
  0.54183137   0.06742674 
  0.53932949   0.06742674 
  0.55953033   0.06496787 
  0.55531446   0.06496787 
  0.55953033   0.06075200 
  0.55531446   0.06075200 
  0.41255694   0.03161056 
  0.41517105   0.03161056 
  0.41255694   0.03422467 
  0.41517105   0.03422467 
  0.42070051   0.03610486 
  0.42322317   0.03610486 
  0.42070051   0.03862752 
  0.42322317   0.03862752 
  0.42991920   0.04042913 
  0.43231862   0.04042913 
  0.42991920   0.04282854 
  0.43231862   0.04282854 
  0.44021689   0.04452212 
  0.44244442   0.04452212 
  0.44021689   0.04674965 
  0.44244442   0.04674965 
  0.45158693   0.04829223 
  0.45357383   0.04829223 
  0.45158693   0.05027913 
  0.45357383   0.05027913 
  0.46400382   0.05161180 
  0.46565785   0.05161180 
  0.46400382   0.05326583 
  0.46565785   0.05326583 
  0.47741106   0.05431140 
  0.47861358   0.05431140 
  0.47741106   0.05551392 
  0.47861358   0.05551392 
  0.49170399   0.05617547 
  0.49230884   0.05617547 
  0.49170399   0.05678033 
  0.49230884   0.05678033 
  0.50670621   0.05694187 
  0.50654269   0.05694187 
  0.50670621   0.05677835 
  0.50654269   0.05677835 
  0.52213956   0.05630973 
  0.52102278   0.05630973 
  0.52213956   0.05519295 
  0.52102278   0.05519295 
  0.53759113   0.05396157 
  0.53534374   0.05396157 
  0.53759113   0.05171418 
  0.53534374   0.05171418 
  0.55248735   0.04960759 
  0.54897942   0.04960759 
  0.55248735   0.04609966 
  0.54897942   0.04609966 
  0.41686421   0.02441181 
  0.41887589   0.02441181 
  0.41686421   0.02642349 
  0.41887589   0.02642349 
  0.42485131   0.02786460 
  0.42677679   0.02786460 
  0.42485131   0.02979008 
  0.42677679   0.02979008 
  0.43386014   0.03115813 
  0.43567222   0.03115813 
  0.43386014   0.03297021 
  0.43567222   0.03297021 
  0.44386671   0.03424045 
  0.44552497   0.03424045 
  0.44386671   0.03589871 
  0.44552497   0.03589871 
  0.45483137   0.03703595 
  0.45628011   0.03703595 
  0.45483137   0.03848470 
  0.45628011   0.03848470 
  0.46669024   0.03944195 
  0.46785675   0.03944195 
  0.46669024   0.04060845 
  0.46785675   0.04060845 
  0.47934420   0.04132589 
  0.48013778   0.04132589 
  0.47934420   0.04211947 
  0.48013778   0.04211947 
  0.49264483   0.04252452 
  0.49295789   0.04252452 
  0.49264483   0.04283759 
  0.49295789   0.04283759 
  0.50637764   0.04284698 
  0.50609024   0.04284698 
  0.50637764   0.04255958 
  0.50609024   0.04255958 
  0.52024418   0.04208455 
  0.51923379   0.04208455 
  0.52024418   0.04107416 
  0.51923379   0.04107416 
  0.53384697   0.04003017 
  0.53200511   0.04003017 
  0.53384697   0.03818830 
  0.53200511   0.03818830 
  0.54668867   0.03650738 
  0.54393814   0.03650738 
  0.54668867   0.03375685 
  0.54393814   0.03375685 
  0.42013366   0.01733492 
  0.42155825   0.01733492 
  0.42013366   0.01875952 
  0.42155825   0.01875952 
  0.42797749   0.01977688 
  0.42933235   0.01977688 
  0.42797749   0.02113174 
  0.42933235   0.02113174 
  0.43679832   0.02209048 
  0.43806279   0.02209048 
  0.43679832   0.02335495 
  0.43806279   0.02335495 
  0.44655067   0.02423652 
  0.44769468   0.02423652 
  0.44655067   0.02538052 
  0.44769468   0.02538052 
  0.45717016   0.02615903 
  0.45815308   0.02615903 
  0.45717016   0.02714194 
  0.45815308   0.02714194 
  0.46856550   0.02778350 
  0.46933534   0.02778350 
  0.46856550   0.02855334 
  0.46933534   0.02855334 
  0.48060888   0.02901576 
  0.48110239   0.02901576 
  0.48060888   0.02950927 
  0.48110239   0.02950927 
  0.49312529   0.02974272 
  0.49326958   0.02974272 
  0.49312529   0.02988700 
  0.49326958   0.02988700 
  0.50588134   0.02983611 
  0.50559801   0.02983611 
  0.50588134   0.02955279 
  0.50559801   0.02955279 
  0.51857574   0.02916087 
  0.51778833   0.02916087 
  0.51857574   0.02837346 
  0.51778833   0.02837346 
  0.53083482   0.02758912 
  0.52947939   0.02758912 
  0.53083482   0.02623369 
  0.52947939   0.02623369 
  0.54221433   0.02502051 
  0.54025531   0.02502051 
  0.54221433   0.02306149 
  0.54025531   0.02306149 
  0.42239067   0.01035760 
  0.42324028   0.01035760 
  0.42239067   0.01120720 
  0.42324028   0.01120720 
  0.43012273   0.01181264 
  0.43092721   0.01181264 
  0.43012273   0.01261713 
  0.43092721   0.01261713 
  0.43879886   0.01318483 
  0.43954536   0.01318483 
  0.43879886   0.01393133 
  0.43954536   0.01393133 
  0.44835867   0.01444983 
  0.44902874   0.01444983 
  0.44835867   0.01511990 
  0.44902874   0.01511990 
  0.45872112   0.01557343 
  0.45929013   0.01557343 
  0.45872112   0.01614243 
  0.45929013   0.01614243 
  0.46977703   0.01651062 
  0.47021392   0.01651062 
  0.46977703   0.01694751 
  0.47021392   0.01694751 
  0.48138097   0.01720537 
  0.48164856   0.01720537 
  0.48138097   0.01747296 
  0.48164856   0.01747296 
  0.49334300   0.01759151 
  0.49339931   0.01759151 
  0.49334300   0.01764782 
  0.49339931   0.01764782 
  0.50542146   0.01759558 
  0.50522243   0.01759558 
  0.50542146   0.01739655 
  0.50522243   0.01739655 
  0.51731856   0.01714215 
  0.51682255   0.01714215 
  0.51731856   0.01664613 
  0.51682255   0.01664613 
  0.52868099   0.01616230 
  0.52785515   0.01616230 
  0.52868099   0.01533645 
  0.52785515   0.01533645 
  0.53910913   0.01460505 
  0.53793673   0.01460505 
  0.53910913   0.01343265 
  0.53793673   0.01343265 
  0.42365459   0.00344505 
  0.42393691   0.00344505 
  0.42365459   0.00372737 
  0.42393691   0.00372737 
  0.43131930   0.00392834 
  0.43158604   0.00392834 
  0.43131930   0.00419507 
  0.43158604   0.00419507 
  0.43990893   0.00438303 
  0.44015571   0.00438303 
  0.43990893   0.00462982 
  0.44015571   0.00462982 
  0.44935475   0.00480090 
  0.44957537   0.00480090 
  0.44935475   0.00502152 
  0.44957537   0.00502152 
  0.45956656   0.00517043 
  0.45975278   0.00517043 
  0.45956656   0.00535665 
  0.45975278   0.00535665 
  0.47042563   0.00547660 
  0.47056713   0.00547660 
  0.47042563   0.00561810 
  0.47056713   0.00561810 
  0.48177745   0.00570083 
  0.48186198   0.00570083 
  0.48177745   0.00578537 
  0.48186198   0.00578537 
  0.49342500   0.00582138 
  0.49343887   0.00582138 
  0.49342500   0.00583526 
  0.49343887   0.00583526 
  0.50512360   0.00581436 
  0.50505263   0.00581436 
  0.50512360   0.00574339 
  0.50505263   0.00574339 
  0.51657914   0.00565556 
  0.51641015   0.00565556 
  0.51657914   0.00548657 
  0.51641015   0.00548657 
  0.52745143   0.00532328 
  0.52717429   0.00532328 
  0.52745143   0.00504614 
  0.52717429   0.00504614 
  0.53736474   0.00480183 
  0.53697442   0.00480183 
  0.53736474   0.00441151 
  0.53697442   0.00441151 
  0.63957434   0.27517607 
  0.65078224   0.27520735 
  0.63957916   0.28636332 
  0.65078653   0.28637170 
  0.57765754   0.60439779 
  0.57765803   0.62560408 
  0.55651424   0.60441450 
  0.55651437   0.62561448 
  0.32423660   0.75502113 
  0.35581543   0.75502826 
  0.32422491   0.78640262 
  0.35577179   0.78641504 
  0.62030247   0.20918748 
  0.63137587   0.20918245 
  0.62030497   0.22021009 
  0.63138016   0.22020874 
  0.61701765   0.11569548 
  0.61702110   0.10287487 
  0.62973816   0.11567275 
  0.62974313   0.10286877 
  0.57557677   0.09446271 
  0.58231611   0.09445415 
  0.57557783   0.10116293 
  0.58231751   0.10116064 
  0.56238683   0.05586812 
  0.55841767   0.05587093 
  0.56238503   0.05192251 
  0.55841656   0.05193298 
  0.57478058   0.04841571 
  0.57478211   0.04289169 
  0.58026313   0.04840123 
  0.58026561   0.04288781 
  0.55594835   0.03809133 
  0.55317711   0.03809290 
  0.55594785   0.03532837 
  0.55317685   0.03533424 
  0.56765613   0.03290836 
  0.56765648   0.02914481 
  0.57140324   0.03290042 
  0.57140392   0.02914268 
  0.55156484   0.02215846 
  0.54993013   0.02215900 
  0.55156475   0.02052554 
  0.54993009   0.02052758 
  0.56329872   0.01910798 
  0.56329877   0.01691866 
  0.56548376   0.01910525 
  0.56548387   0.01691793 
  0.54913495   0.00727286 
  0.54859590   0.00727294 
  0.54913494   0.00673390 
  0.54859590   0.00673420 
  0.56223587   0.00554786 
  0.56223586   0.00626479 
  0.56151903   0.00554797 
  0.56151903   0.00626520 
  0.57116044   0.07648605 
  0.56581628   0.07648173 
  0.57115927   0.07118055 
  0.56581394   0.07116444 
  0.59604634   0.13161546 
  0.58780545   0.13161941 
  0.59604311   0.12343037 
  0.58780322   0.12344510 
  0.61263086   0.17021929 
  0.60272381   0.17021025 
  0.61262866   0.16038426 
  0.60272004   0.16035048 
  0.65633284   0.36874735 
  0.66022262   0.36875159 
  0.65633434   0.37263698 
  0.66022432   0.37263812 
  0.70808811   0.26178330 
  0.70809927   0.23572066 
  0.73410197   0.26185591 
  0.73411197   0.23574012 
  0.75521322   0.35585088 
  0.75522544   0.32413151 
  0.78693247   0.35588540 
  0.78694630   0.32414076 
  0.60434452   0.55666341 
  0.62577585   0.55666494 
  0.60439914   0.57806816 
  0.62580117   0.57807387 
  0.60946019   0.64415807 
  0.60937641   0.60937111 
  0.64415680   0.64415150 
  0.64413433   0.60934647 
  0.47095952   0.65529461 
  0.47094819   0.63926050 
  0.48693185   0.65528751 
  0.48688957   0.63925414 
  0.23570284   0.70796515 
  0.26183531   0.70797479 
  0.23572399   0.73396055 
  0.26191422   0.73396629 
  0.22023223   0.62022827 
  0.22022676   0.63126963 
  0.20927760   0.62023114 
  0.20925717   0.63127386 
  0.10283582   0.61697962 
  0.11569865   0.61698502 
  0.10284694   0.62977533 
  0.11574014   0.62977803 
  0.10116108   0.57554017 
  0.10115736   0.58226109 
  0.09449419   0.57554226 
  0.09448033   0.58226412 
  0.07647814   0.56584146 
  0.07647550   0.57114633 
  0.07120271   0.56584219 
  0.07119284   0.57114753 
  0.04837840   0.58030075 
  0.04287428   0.58030025 
  0.04838609   0.57480994 
  0.04287634   0.57480965 
  0.05586952   0.55844764 
  0.05586802   0.56244163 
  0.05188901   0.55844784 
  0.05188342   0.56244200 
  0.03289973   0.57142358 
  0.02914044   0.57142347 
  0.03290309   0.56766859 
  0.02914134   0.56766853 
  0.03808765   0.55318961 
  0.03808698   0.55596988 
  0.03531230   0.55318965 
  0.03530982   0.55596996 
  0.01911222   0.56549042 
  0.01691813   0.56549040 
  0.01911232   0.56329820 
  0.01691816   0.56329817 
  0.00727172   0.54859494 
  0.00727162   0.54913239 
  0.00673462   0.54859494 
  0.00673426   0.54913240 
  0.00554940   0.56151863 
  0.00626515   0.56151863 
  0.00554927   0.56223390 
  0.00626468   0.56223391 
  0.06645797   0.59253447 
  0.05894415   0.59253278 
  0.06647190   0.58505311 
  0.05894788   0.58505207 
  0.08834275   0.60871232 
  0.07844360   0.60870790 
  0.08836301   0.59887975 
  0.07844903   0.59887670 
  0.15078157   0.65671278 
  0.13443006   0.65670956 
  0.15080087   0.64044266 
  0.13443523   0.64044021 
  0.19748578   0.69091286 
  0.17668282   0.69090497 
  0.19752401   0.67024860 
  0.17669306   0.67024321 
  0.16041552   0.61260325 
  0.16042719   0.60276843 
  0.17020149   0.61260130 
  0.17020461   0.60276695 
  0.50348538   0.79522831 
  0.49598925   0.79522502 
  0.50348010   0.78776005 
  0.49596955   0.78775708 
  0.69104794   0.17669049 
  0.69103992   0.19749850 
  0.67032227   0.17669301 
  0.67031760   0.19750791 
  0.65575405   0.48723862 
  0.63951689   0.48723493 
  0.65574589   0.47099418 
  0.63950660   0.47099319 
  0.36890763   0.65985458 
  0.36891283   0.65611278 
  0.37263081   0.65985310 
  0.37263220   0.65611194 
  0.27525871   0.65065959 
  0.27522459   0.63942107 
  0.28641005   0.65065712 
  0.28640091   0.63941688 
  0.65672581   0.13443255 
  0.65672215   0.15093324 
  0.64035112   0.13441760 
  0.64034494   0.15087742 
  0.60876176   0.07844053 
  0.60875971   0.08833544 
  0.59891401   0.07844388 
  0.59891245   0.08834795 
  0.59254192   0.05894741 
  0.59254027   0.06653986 
  0.58500844   0.05894133 
  0.58500516   0.06651716 
  0.78812697   0.50357753 
  0.78813178   0.49599606 
  0.79571231   0.50357799 
  0.79571612   0.49599778 
  0.62763531   0.62800928 
  0.74302719   0.62804930 
  0.62762141   0.74300038 
  0.74296604   0.74304321 
  0.12335073   0.59613149 
  0.12332365   0.58778139 
  0.13163414   0.59612973 
  0.13162688   0.58777785 
  0.02051659   0.55157201 
  0.02051666   0.54993001 
  0.02215718   0.55157199 
  0.02215720   0.54992998 
