124.66567099 
124.62790370 
124.51279631 
124.31447862 
124.02262333 
116.73956385 
 96.98639994 
103.44075595 
110.02917132 
116.68621877 
116.52366387 
116.24435337 
115.83487908 
120.65669493 
 72.59911950 
 78.48185528 
 84.50551643 
 90.67356586 
 45.03103706 
 44.35757076 
 44.65351428 
 44.86368287 
 44.98926561 
 50.33153901 
 55.72758374 
 61.23065816 
 66.85135866 
123.62123599 
123.08680063 
122.38589823 
121.46843123 
115.27481585 
114.53480972 
113.57290290 
112.33159457 
 42.28763474 
 42.94051445 
 43.50248721 
 43.97439915 
124.66568060 
124.02254420 
124.31446766 
124.51280397 
124.62792745 
121.46852072 
122.38562188 
123.08691775 
123.62133559 
112.79617892 
116.41298633 
118.64527643 
120.26085968 
120.26079070 
118.64553549 
116.41210258 
110.72987148 
108.65492453 
105.98354404 
102.66130917 
 38.78238530 
 39.78820713 
 40.70988257 
 41.54376933 
116.73957190 
115.83498816 
116.24436432 
116.52366977 
116.68621384 
110.02917749 
103.44076690 
 96.98641320 
120.65670555 
112.33160765 
113.57316763 
114.53468124 
115.27479231 
102.66152599 
105.98329192 
108.65515466 
110.72985380 
 94.04956612 
 98.74146347 
 98.74142557 
 32.71039575 
 34.03789443 
 35.31732364 
 36.53996559 
 37.69749795 
 90.67358004 
 84.50553069 
 78.48186913 
 72.59913264 
 27.08647973 
 28.52435709 
 29.94563839 
 31.34353496 
 45.03104488 
 66.85137090 
 61.23066938 
 55.72759386 
 50.33154800 
 44.98927344 
 44.86369072 
 44.65352216 
 44.35757864 
 43.97440701 
 43.50249498 
 42.94052207 
 42.28764211 
 41.54377637 
 40.70988917 
 39.78821322 
 38.78239080 
 36.53996982 
 35.31732722 
 34.03789739 
 32.71039812 
 37.69750283 
 31.34353680 
 29.94563977 
 28.52435808 
 27.08648040 
 19.89572060 
 25.63788440 
 24.18367396 
 22.72900854 
 21.27920552 
 21.27920550 
 22.72900844 
 24.18367374 
 25.63788399 
 87.55083025 
 81.90629347 
 76.59572040 
 71.54212233 
 66.69547780 
 62.02313919 
 57.50052688 
 53.10797115 
 48.82902995 
 44.64952252 
 40.55692395 
 39.14623262 
 37.67001593 
 36.13853216 
 34.56200646 
 32.95018122 
 31.31196185 
 29.65519029 
 27.98656437 
 26.31175374 
 24.63558454 
 22.96530997 
 43.04081927 
 41.35738487 
 39.61153582 
 37.81548189 
 35.98074588 
 34.11771899 
 32.23538022 
 30.34117401 
 28.44097797 
 26.53916214 
 24.63558446 
 47.01032044 
 45.10712386 
 43.13449884 
 41.10724255 
 39.03911219 
 36.94226192 
 34.82691831 
 32.70125205 
 30.57135511 
 28.44097782 
 26.31175352 
 51.06452386 
 48.92618804 
 46.71171975 
 44.43931395 
 42.12553203 
 39.78460032 
 37.42808745 
 35.06487149 
 32.70125180 
 30.34117363 
 27.98656394 
 55.21386388 
 52.82116669 
 50.34628699 
 47.81193710 
 45.23818217 
 42.64160605 
 40.03510240 
 37.42808709 
 34.82691772 
 32.23537952 
 29.65518957 
 59.46951010 
 56.79788513 
 54.03935576 
 51.22272949 
 48.37237667 
 45.50736179 
 42.64160554 
 39.78459947 
 36.94226088 
 34.11771787 
 31.31196076 
 63.84341325 
 60.86060801 
 57.78887634 
 54.66535634 
 51.51946449 
 48.37237597 
 45.23818099 
 42.12553055 
 39.03911057 
 35.98074425 
 32.95017967 
 68.34818001 
 65.01038339 
 61.58726013 
 58.12743249 
 54.66535536 
 51.22272784 
 47.81193505 
 44.43931170 
 41.10724023 
 37.81547964 
 34.56200437 
 72.99656371 
 69.24115122 
 65.41701447 
 61.58725874 
 57.78887406 
 54.03935293 
 50.34628389 
 46.71171657 
 43.13449572 
 39.61153287 
 36.13852946 
 77.79755840 
 73.53110044 
 69.24114922 
 65.01038013 
 60.86060408 
 56.79788086 
 52.82116234 
 48.92618378 
 45.10711982 
 41.35738112 
 37.67001256 
 82.76125219 
 77.79755555 
 72.99655879 
 68.34817439 
 63.84340732 
 59.46950417 
 55.21385813 
 51.06451842 
 47.01031539 
 43.04081467 
 39.14622852 
 87.55082865 
 81.90628464 
 76.59571205 
 71.54211391 
 66.69546962 
 62.02313141 
 57.50051960 
 53.10796444 
 48.82902384 
 44.64951703 
 40.55691909 
 91.90663035 
 85.69304667 
 79.94869284 
 74.53326960 
 69.37562668 
 64.42852947 
 59.65813624 
 55.03851454 
 50.54882935 
 46.17171685 
 41.89228849 
 95.59082421 
 89.05971989 
 82.98568070 
 77.27371529 
 71.84914570 
 66.65963847 
 61.66656807 
 56.84022394 
 52.15685088 
 47.59682330 
 43.14348285 
 98.70931410 
 91.97156600 
 85.67200427 
 79.73343103 
 74.09187146 
 68.69708362 
 63.51014648 
 58.50027177 
 53.64247420 
 48.91595306 
 44.30299069 
101.30423926 
 94.44838569 
 88.00235991 
 81.90117566 
 76.09149524 
 70.52928666 
 65.17851692 
 60.00958240 
 54.99781128 
 50.12227700 
 45.36491428 
103.41587626 
 96.52043195 
 89.99129374 
 83.78059093 
 77.84635865 
 72.15216394 
 66.66665696 
 61.36294349 
 56.21783809 
 51.21115019 
 46.32508425 
105.10928605 
 98.22827657 
 91.66373813 
 85.38539112 
 79.36291502 
 73.56785067 
 67.97423143 
 62.55868015 
 57.30023070 
 52.18002954 
 47.18101635 
106.45670378 
 99.61863086 
 93.05025177 
 86.73503810 
 80.65294259 
 74.78298414 
 69.10455259 
 63.59801953 
 58.24496840 
 53.02821624 
 47.93173209 
107.52123217 
100.73689742 
 94.18266096 
 87.85138101 
 81.73102420 
 75.80695645 
 70.06340018 
 64.48429814 
 59.05379466 
 53.75647827 
 48.57747989 
108.35264031 
101.62245651 
 95.09060304 
 88.75602897 
 82.61249844 
 76.65036392 
 70.85788555 
 65.22214112 
 59.72962309 
 54.36661247 
 49.11939929 
108.98877088 
102.30726081 
 95.79958647 
 89.46855216 
 83.31192552 
 77.32375526 
 71.49546577 
 65.81670355 
 60.27595804 
 54.86099847 
 49.55916806 
109.45769490 
102.81606623 
 96.33026815 
 90.00545589 
 83.84205078 
 77.83669872 
 71.98315339 
 66.27302467 
 60.69637671 
 55.24218426 
 49.89866582 
109.77942986 
103.16713512 
 96.69838364 
 90.37970490 
 84.21317547 
 78.19713834 
 72.32692522 
 66.59551561 
 60.99409909 
 55.51253001 
 50.13967786 
109.96736059 
103.37294600 
 96.91493159 
 90.60056128 
 84.43281238 
 78.41098149 
 72.53130929 
 66.78758023 
 61.17165630 
 55.67392491 
 50.28365513 
 41.89229412 
 46.17172324 
 50.54883654 
 55.03852256 
 59.65814511 
 64.42853921 
 69.37563728 
 74.53328102 
 79.94870516 
 85.69305907 
 91.90665857 
 43.14348920 
 47.59683056 
 52.15685911 
 56.84023323 
 61.66657850 
 66.65965015 
 71.84915875 
 77.27372980 
 82.98569660 
 89.05973862 
 95.59082946 
 44.30299772 
 48.91596113 
 53.64248341 
 58.50028224 
 63.51015837 
 68.69709714 
 74.09188686 
 79.73344856 
 85.67202419 
 91.97158639 
 98.70934952 
 45.36492192 
 50.12228578 
 54.99782132 
 60.00959388 
 65.17853006 
 70.52930176 
 76.09151269 
 81.90119599 
 88.00238362 
 94.44841393 
101.30425522 
 46.32509239 
 51.21115955 
 56.21784882 
 61.36295578 
 66.66667106 
 72.15218023 
 77.84637763 
 83.78061339 
 89.99132099 
 96.52046549 
103.41592601 
 47.18102488 
 52.18003935 
 57.30024193 
 62.55869300 
 67.97424616 
 73.56786765 
 79.36293480 
 85.38541457 
 91.66376681 
 98.22831413 
105.10934323 
 47.93174089 
 53.02822634 
 58.24497994 
 63.59803268 
 69.10456758 
 74.78300131 
 80.65296239 
 86.73506122 
 93.05027934 
 99.61866531 
106.45674583 
 48.57748887 
 53.75648854 
 59.05380634 
 64.48431137 
 70.06341514 
 75.80697337 
 81.73104338 
 87.85140281 
 94.18268570 
100.73692420 
107.52126324 
 49.11940835 
 54.36662281 
 59.72963478 
 65.22215426 
 70.85790024 
 76.65038029 
 82.61251662 
 88.75604905 
 95.09062478 
101.62247885 
108.35265055 
 49.55917714 
 54.86100879 
 60.27596965 
 65.81671647 
 71.49548006 
 77.32377094 
 83.31194258 
 89.46857054 
 95.79960600 
102.30728106 
108.98879531 
 49.89867488 
 55.24219452 
 60.69638819 
 66.27303735 
 71.98316726 
 77.83671370 
 83.84206678 
 90.00547274 
 96.33028575 
102.81608522 
109.45772202 
 50.13968689 
 55.51254021 
 60.99411043 
 66.59552807 
 72.32693871 
 78.19715273 
 84.21319057 
 90.37972042 
 96.69839928 
103.16715076 
109.77944158 
 50.28366413 
 55.67393506 
 61.17166755 
 66.78759253 
 72.53132252 
 78.41099548 
 84.43282686 
 90.60057582 
 96.91494555 
103.37295794 
109.96736877 
115.24687728 
113.32690565 
102.99382569 
110.67743067 
117.81589667 
118.68597728 
119.82866284 
120.20278335 
120.45860825 
120.60719429 
119.34987388 
116.71522469 
110.70940627 
107.17297085 
115.22988646 
116.70616008 
118.67511472 
119.34322289 
119.84748062 
120.21476681 
120.46421531 
117.83288690 
113.31028679 
107.18721361 
120.60669572 
