290.24928231 
 33.08966581 
107.78886514 
536.74006240 
438.67530809 
310.14146115 
288.29881799 
282.28101742 
270.39444374 
250.19413039 
220.78115076 
184.01104732 
142.15079826 
 97.11701133 
 52.55148694 
 52.07538546 
 95.23907648 
138.58081093 
178.68023283 
210.54693511 
228.74820938 
228.66762807 
203.75056076 
137.87641457 
186.79164678 
305.92248078 
386.13526296 
478.17956677 
477.93429690 
401.08249055 
384.65992676 
428.55639503 
410.20128675 
341.48720232 
321.33926999 
312.59861423 
308.05231137 
302.80680903 
296.79192858 
292.09162574 
303.46478311 
240.02786662 
334.70907839 
273.17568296 
376.77482907 
255.14502232 
228.08940439 
191.95113807 
149.67848242 
105.34537057 
183.48261344 
215.92682332 
236.01105567 
224.54816207 
194.06209544 
436.84453781 
380.90535901 
367.01900318 
397.23799810 
284.49709097 
317.24179156 
290.16778512 
269.04695087 
323.57077877 
224.24744125 
133.05854727 
289.00578842 
363.37307956 
332.62270171 
200.32568430 
278.17999936 
310.08387146 
295.69764871 
291.03315631 
314.50458582 
251.45625512 
172.74944348 
103.50239246 
144.21813057 
275.08171446 
271.01732880 
256.79442740 
395.81410926 
231.90372101 
306.45548723 
284.48097917 
213.35608828 
407.91546482 
284.05927395 
318.67014904 
254.12884978 
288.22259819 
166.33951504 
224.97482258 
289.30953960 
330.03167515 
295.62462963 
 66.16763143 
465.71930530 
292.68056755 
348.86306866 
314.81905835 
238.88297310 
