 14.49600594 
  1.56339673 
 -6.16953897 
-36.17928829 
-79.44650225 
-15.52530216 
 28.80042435 
 28.19721589 
 26.97546779 
 24.88456948 
 21.84756063 
 18.17027057 
 13.96994362 
  9.41503678 
  4.71331643 
  4.67253436 
  9.28874992 
 13.75978718 
 17.83683114 
 21.02145488 
 22.78681160 
 22.65822632 
 19.88775285 
 11.63378373 
 22.00000033 
 22.00000121 
 22.00000033 
 21.99999868 
-48.44762764 
-40.51012182 
-38.70447599 
-43.10373321 
-40.81660349 
-34.19286901 
-32.18383403 
-31.29924333 
  0.00000000 
  0.00000000 
  0.00000000 
  0.00000000 
  0.00000000 
  0.00000000 
  0.00000000 
  0.00000000 
  0.00000000 
  0.00000000 
  0.00000000 
  0.00000000 
  0.00000000 
  0.00000000 
  0.00000000 
  0.00000000 
  0.00000000 
  0.00000000 
  0.00000000 
  0.00000000 
  0.00000000 
  0.00000000 
  0.00000000 
  0.00000000 
  0.00000000 
  0.00000000 
  0.00000000 
  0.00000000 
  0.00000000 
  0.00000000 
  0.00000000 
  0.00000000 
  0.00000000 
  0.00000000 
  0.00000000 
  0.00000000 
  0.00000000 
  0.00000000 
  0.00000000 
  0.00000000 
  0.00000000 
  0.00000000 
  0.00000000 
  0.00000000 
  0.00000000 
  0.00000000 
  0.00000000 
  0.00000000 
  0.00000000 
  0.00000000 
  0.00000000 
  0.00000000 
  0.00000000 
  0.00000000 
  0.00000000 
  0.00000000 
  0.00000000 
  0.00000000 
  0.00000000 
  0.00000000 
  0.00000000 
  0.00000000 
  0.00000000 
  0.00000000 
  0.00000000 
  0.00000000 
  0.00000000 
