300.00000000 
300.00000000 
300.00000000 
200.00000000 
200.00000000 
200.00000000 
300.00000000 
300.00000000 
300.00000000 
300.00000000 
300.00000000 
300.00000000 
300.00000000 
300.00000000 
300.00000000 
300.00000000 
300.00000000 
300.00000000 
300.00000000 
300.00000000 
300.00000000 
300.00000000 
300.00000000 
300.00000000 
300.82765328 
287.37964457 
267.38381024 
240.83897516 
200.00000000 
200.00000000 
200.00000000 
200.00000000 
200.00000000 
200.00000000 
200.00000000 
200.00000000 
220.60068060 
240.95524233 
260.94337256 
280.58341328 
241.36432320 
284.61142894 
220.48326762 
286.14198207 
220.81830143 
286.56548658 
286.37786003 
287.39496395 
290.36307581 
293.68619317 
289.33788014 
287.37967688 
285.57694693 
285.71639639 
289.76885355 
230.01272873 
225.75016246 
222.90821357 
218.75489334 
282.86070701 
220.68824018 
280.97121741 
272.43577688 
240.40814552 
272.59913811 
287.60145317 
275.33554483 
255.36677172 
248.54121340 
279.38553647 
274.41592257 
220.77163383 
261.40274154 
262.97709249 
239.90174799 
271.92273403 
280.67941563 
293.94160202 
291.44887564 
268.77534682 
267.44220449 
270.93261850 
229.87176477 
275.35405914 
241.39533873 
256.79809314 
270.69639428 
232.22436712 
257.33185676 
246.08253844 
263.77449599 
255.68933038 
282.62570558 
270.90267978 
257.30410283 
242.40419598 
250.27686784 
296.89441309 
219.06122351 
252.40018019 
235.07044797 
247.29798837 
263.93487308 
