   2.9025e+02
   3.3090e+01
   1.0779e+02
   5.3674e+02
   4.3868e+02
   3.1014e+02
   2.8830e+02
   2.8228e+02
   2.7039e+02
   2.5019e+02
   2.2078e+02
   1.8401e+02
   1.4215e+02
   9.7117e+01
   5.2551e+01
   5.2075e+01
   9.5239e+01
   1.3858e+02
   1.7868e+02
   2.1055e+02
   2.2875e+02
   2.2867e+02
   2.0375e+02
   1.3788e+02
   1.8679e+02
   3.0592e+02
   3.8614e+02
   4.7818e+02
   4.7793e+02
   4.0108e+02
   3.8466e+02
   4.2856e+02
   4.1020e+02
   3.4149e+02
   3.2134e+02
   3.1260e+02
   3.0805e+02
   3.0281e+02
   2.9679e+02
   2.9209e+02
   3.0346e+02
   2.4003e+02
   3.3471e+02
   2.7318e+02
   3.7677e+02
   2.5515e+02
   2.2809e+02
   1.9195e+02
   1.4968e+02
   1.0535e+02
   1.8348e+02
   2.1593e+02
   2.3601e+02
   2.2455e+02
   1.9406e+02
   4.3684e+02
   3.8091e+02
   3.6702e+02
   3.9724e+02
   2.8450e+02
   3.1724e+02
   2.9017e+02
   2.6905e+02
   3.2357e+02
   2.2425e+02
   1.3306e+02
   2.8901e+02
   3.6337e+02
   3.3262e+02
   2.0033e+02
   2.7818e+02
   3.1008e+02
   2.9570e+02
   2.9103e+02
   3.1450e+02
   2.5146e+02
   1.7275e+02
   1.0350e+02
   1.4422e+02
   2.7508e+02
   2.7102e+02
   2.5679e+02
   3.9581e+02
   2.3190e+02
   3.0646e+02
   2.8448e+02
   2.1336e+02
   4.0792e+02
   2.8406e+02
   3.1867e+02
   2.5413e+02
   2.8822e+02
   1.6634e+02
   2.2497e+02
   2.8931e+02
   3.3003e+02
   2.9562e+02
   6.6168e+01
   4.6572e+02
   2.9268e+02
   3.4886e+02
   3.1482e+02
   2.3888e+02
