   14.4960
    1.5634
   -6.1695
  -36.1793
  -79.4465
  -15.5253
   28.8004
   28.1972
   26.9755
   24.8846
   21.8476
   18.1703
   13.9699
    9.4150
    4.7133
    4.6725
    9.2887
   13.7598
   17.8368
   21.0215
   22.7868
   22.6582
   19.8878
   11.6338
   22.0000
   22.0000
   22.0000
   22.0000
  -48.4476
  -40.5101
  -38.7045
  -43.1037
  -40.8166
  -34.1929
  -32.1838
  -31.2992
         0
         0
         0
         0
         0
         0
         0
         0
         0
         0
         0
         0
         0
         0
         0
         0
         0
         0
         0
         0
         0
         0
         0
         0
         0
         0
         0
         0
         0
         0
         0
         0
         0
         0
         0
         0
         0
         0
         0
         0
         0
         0
         0
         0
         0
         0
         0
         0
         0
         0
         0
         0
         0
         0
         0
         0
         0
         0
         0
         0
         0
         0
         0
         0
         0
         0
         0
