   3.0000e+02
   3.0000e+02
   3.0000e+02
   2.0000e+02
   2.0000e+02
   2.0000e+02
   3.0000e+02
   3.0000e+02
   3.0000e+02
   3.0000e+02
   3.0000e+02
   3.0000e+02
   3.0000e+02
   3.0000e+02
   3.0000e+02
   3.0000e+02
   3.0000e+02
   3.0000e+02
   3.0000e+02
   3.0000e+02
   3.0000e+02
   3.0000e+02
   3.0000e+02
   3.0000e+02
   3.0083e+02
   2.8738e+02
   2.6738e+02
   2.4084e+02
   2.0000e+02
   2.0000e+02
   2.0000e+02
   2.0000e+02
   2.0000e+02
   2.0000e+02
   2.0000e+02
   2.0000e+02
   2.2060e+02
   2.4096e+02
   2.6094e+02
   2.8058e+02
   2.4136e+02
   2.8461e+02
   2.2048e+02
   2.8614e+02
   2.2082e+02
   2.8657e+02
   2.8638e+02
   2.8739e+02
   2.9036e+02
   2.9369e+02
   2.8934e+02
   2.8738e+02
   2.8558e+02
   2.8572e+02
   2.8977e+02
   2.3001e+02
   2.2575e+02
   2.2291e+02
   2.1875e+02
   2.8286e+02
   2.2069e+02
   2.8097e+02
   2.7244e+02
   2.4041e+02
   2.7260e+02
   2.8760e+02
   2.7534e+02
   2.5537e+02
   2.4854e+02
   2.7939e+02
   2.7442e+02
   2.2077e+02
   2.6140e+02
   2.6298e+02
   2.3990e+02
   2.7192e+02
   2.8068e+02
   2.9394e+02
   2.9145e+02
   2.6878e+02
   2.6744e+02
   2.7093e+02
   2.2987e+02
   2.7535e+02
   2.4140e+02
   2.5680e+02
   2.7070e+02
   2.3222e+02
   2.5733e+02
   2.4608e+02
   2.6377e+02
   2.5569e+02
   2.8263e+02
   2.7090e+02
   2.5730e+02
   2.4240e+02
   2.5028e+02
   2.9689e+02
   2.1906e+02
   2.5240e+02
   2.3507e+02
   2.4730e+02
   2.6393e+02
