  0.00000000 
  0.00324562 
  0.00900000 
 -0.00237209 
  0.00066000 
  0.00324668 
  0.00900000 
 -0.00237103 
  0.00066000 
  0.00324774 
  0.00900000 
 -0.00236997 
  0.00066000 
  0.00324880 
  0.00900000 
 -0.00236891 
  0.00066000 
  0.00324986 
  0.00900000 
 -0.00236785 
 -0.00193109 
  0.00065961 
  0.00066000 
  0.02779157 
 -0.00193173 
  0.00325109 
  0.00584514 
 -0.00149608 
  0.00109437 
  0.00281608 
  0.00585441 
 -0.00106235 
  0.00109309 
  0.00238235 
  0.00586368 
 -0.00062989 
  0.00109182 
  0.00194989 
  0.00587294 
 -0.00019872 
  0.00109054 
  0.00151872 
  0.00588221 
  0.00023118 
  0.00108926 
  0.00108882 
  0.00589005 
