-46200000.00000000 
180993559.12482464 
  0.00343564 
-212246498.53499720 
 -0.00009951 
181067789.85673597 
  0.00339629 
-212172267.80268866 
 -0.00009563 
181142020.58865586 
  0.00324693 
-212098037.07038257 
 -0.00009174 
181216251.32058540 
  0.00309065 
-212023806.33808532 
 -0.00008203 
181290482.05253705 
  0.00270851 
-211949575.60579687 
-181376402.96832612 
-27468.00000044 
 -0.00000043 
3946230291.88075590 
-181421121.88410786 
181376402.96831360 
-662520023.27965093 
-150925696.89460921 
30405987.15785533 
150925696.89467442 
-660574112.59669483 
-120564428.65254466 
30316549.32628260 
120564428.65259822 
-658628201.91366041 
-90292598.24205481 
30227111.49471571 
90292598.24209282 
-656682291.23075795 
-60110205.66313960 
30137673.66315269 
60110205.66315819 
-654736380.54780161 
-30017250.91578354 
30048235.83157414 
30017250.91579434 
-653089282.31167996 
