  0.05382837 
  0.00649124 
  0.05448837 
 -0.00474419 
  0.13012336 
  0.01298461 
  0.13078336 
 -0.00948625 
  0.22888497 
  0.01948010 
  0.22954497 
 -0.01422619 
  0.35011320 
  0.02597770 
  0.35077320 
 -0.01896402 
  0.49639914 
  0.03247743 
  0.49446804 
 -0.02369972 
  0.60943116 
  0.03313704 
  0.61009116 
 -0.02563145 
  0.49297196 
 -0.13197802 
  0.61334225 
 -0.13088364 
  0.49190961 
 -0.24454866 
  0.61615833 
 -0.24345557 
  0.49127972 
 -0.36054420 
  0.61854068 
 -0.35945238 
  0.49108100 
 -0.47909971 
  0.62049058 
 -0.47800918 
  0.49131218 
 -0.59935285 
  0.62200930 
 -0.59826359 
  0.62309811 
 -0.71935868 
