   0.5619
   0.5633
   0.5675
   0.5748
   0.5857
   0.5430
   0.5108
   0.5219
   0.5323
   0.5440
   0.5468
   0.5517
   0.5587
   0.5554
   0.4651
   0.4762
   0.4877
   0.4993
   0.4238
   0.4169
   0.4199
   0.4221
   0.4234
   0.4276
   0.4358
   0.4448
   0.4546
   0.6008
   0.6211
   0.6483
   0.6847
   0.5683
   0.5808
   0.5967
   0.6166
   0.3958
   0.4024
   0.4081
   0.4130
   0.5619
   0.5857
   0.5748
   0.5675
   0.5633
   0.6848
   0.6483
   0.6211
   0.6008
   0.9319
   0.8872
   0.8021
   0.7340
   0.7339
   0.8018
   0.8868
   0.6413
   0.6701
   0.6986
   0.7206
   0.3601
   0.3703
   0.3797
   0.3882
   0.5430
   0.5587
   0.5516
   0.5468
   0.5440
   0.5323
   0.5219
   0.5108
   0.5554
   0.6166
   0.5966
   0.5808
   0.5683
   0.7207
   0.6988
   0.6702
   0.6413
   0.6978
   0.7456
   0.7457
   0.2977
   0.3114
   0.3246
   0.3371
   0.3490
   0.4993
   0.4877
   0.4762
   0.4651
   0.2401
   0.2547
   0.2692
   0.2836
   0.4238
   0.4546
   0.4448
   0.4358
   0.4276
   0.4234
   0.4221
   0.4199
   0.4169
   0.4130
   0.4081
   0.4024
   0.3958
   0.3882
   0.3797
   0.3703
   0.3601
   0.3371
   0.3246
   0.3114
   0.2977
   0.3490
   0.2836
   0.2692
   0.2547
   0.2401
   0.1736
   0.2256
   0.2113
   0.1972
   0.1819
   0.1819
   0.1972
   0.2113
   0.2256
   0.6012
   0.5404
   0.4992
   0.4669
   0.4403
   0.4178
   0.3983
   0.3814
   0.3666
   0.3537
   0.3423
   0.3297
   0.3165
   0.3027
   0.2886
   0.2742
   0.2597
   0.2452
   0.2309
   0.2168
   0.2029
   0.1889
   0.3409
   0.3276
   0.3137
   0.2995
   0.2850
   0.2706
   0.2562
   0.2422
   0.2284
   0.2152
   0.2029
   0.3537
   0.3402
   0.3260
   0.3116
   0.2971
   0.2826
   0.2683
   0.2544
   0.2411
   0.2284
   0.2168
   0.3683
   0.3544
   0.3399
   0.3251
   0.3103
   0.2956
   0.2813
   0.2675
   0.2544
   0.2422
   0.2309
   0.3848
   0.3704
   0.3553
   0.3399
   0.3246
   0.3096
   0.2951
   0.2813
   0.2683
   0.2562
   0.2452
   0.4036
   0.3884
   0.3724
   0.3561
   0.3401
   0.3245
   0.3096
   0.2956
   0.2826
   0.2706
   0.2597
   0.4252
   0.4086
   0.3912
   0.3736
   0.3565
   0.3401
   0.3246
   0.3103
   0.2971
   0.2850
   0.2742
   0.4503
   0.4316
   0.4119
   0.3923
   0.3736
   0.3561
   0.3399
   0.3251
   0.3116
   0.2995
   0.2886
   0.4801
   0.4577
   0.4343
   0.4119
   0.3912
   0.3724
   0.3553
   0.3399
   0.3260
   0.3137
   0.3027
   0.5168
   0.4873
   0.4577
   0.4316
   0.4086
   0.3884
   0.3704
   0.3544
   0.3402
   0.3276
   0.3165
   0.5660
   0.5168
   0.4801
   0.4503
   0.4252
   0.4036
   0.3848
   0.3683
   0.3537
   0.3409
   0.3297
   0.6012
   0.5404
   0.4992
   0.4669
   0.4403
   0.4178
   0.3983
   0.3814
   0.3666
   0.3537
   0.3423
   0.6084
   0.5550
   0.5134
   0.4805
   0.4533
   0.4304
   0.4106
   0.3935
   0.3786
   0.3656
   0.3542
   0.6067
   0.5612
   0.5227
   0.4907
   0.4639
   0.4412
   0.4215
   0.4045
   0.3896
   0.3766
   0.3653
   0.6031
   0.5626
   0.5277
   0.4978
   0.4722
   0.4501
   0.4309
   0.4142
   0.3995
   0.3867
   0.3755
   0.5964
   0.5608
   0.5296
   0.5022
   0.4783
   0.4573
   0.4388
   0.4226
   0.4083
   0.3958
   0.3848
   0.5870
   0.5566
   0.5292
   0.5045
   0.4825
   0.4628
   0.4453
   0.4298
   0.4160
   0.4039
   0.3932
   0.5764
   0.5511
   0.5273
   0.5053
   0.4853
   0.4670
   0.4506
   0.4358
   0.4226
   0.4109
   0.4006
   0.5662
   0.5451
   0.5246
   0.5051
   0.4869
   0.4701
   0.4547
   0.4408
   0.4282
   0.4170
   0.4071
   0.5571
   0.5393
   0.5215
   0.5042
   0.4878
   0.4723
   0.4580
   0.4448
   0.4329
   0.4222
   0.4126
   0.5494
   0.5342
   0.5186
   0.5031
   0.4881
   0.4738
   0.4604
   0.4480
   0.4367
   0.4264
   0.4173
   0.5431
   0.5298
   0.5159
   0.5019
   0.4881
   0.4748
   0.4622
   0.4505
   0.4397
   0.4298
   0.4210
   0.5383
   0.5264
   0.5137
   0.5008
   0.4880
   0.4755
   0.4635
   0.4523
   0.4419
   0.4324
   0.4239
   0.5349
   0.5239
   0.5121
   0.5000
   0.4878
   0.4759
   0.4644
   0.4536
   0.4435
   0.4343
   0.4260
   0.5329
   0.5224
   0.5111
   0.4994
   0.4877
   0.4761
   0.4649
   0.4543
   0.4444
   0.4354
   0.4272
   0.3542
   0.3656
   0.3786
   0.3935
   0.4106
   0.4304
   0.4533
   0.4805
   0.5134
   0.5550
   0.6084
   0.3653
   0.3766
   0.3896
   0.4045
   0.4215
   0.4412
   0.4639
   0.4907
   0.5227
   0.5612
   0.6067
   0.3755
   0.3867
   0.3995
   0.4142
   0.4309
   0.4501
   0.4722
   0.4978
   0.5277
   0.5626
   0.6031
   0.3848
   0.3958
   0.4083
   0.4226
   0.4388
   0.4573
   0.4783
   0.5022
   0.5296
   0.5608
   0.5964
   0.3932
   0.4039
   0.4160
   0.4298
   0.4453
   0.4628
   0.4825
   0.5045
   0.5292
   0.5566
   0.5870
   0.4006
   0.4109
   0.4226
   0.4358
   0.4506
   0.4670
   0.4853
   0.5053
   0.5273
   0.5511
   0.5764
   0.4071
   0.4170
   0.4282
   0.4408
   0.4547
   0.4701
   0.4869
   0.5051
   0.5246
   0.5451
   0.5662
   0.4126
   0.4222
   0.4329
   0.4448
   0.4580
   0.4723
   0.4878
   0.5042
   0.5215
   0.5393
   0.5571
   0.4173
   0.4264
   0.4367
   0.4480
   0.4604
   0.4738
   0.4881
   0.5031
   0.5186
   0.5342
   0.5494
   0.4210
   0.4298
   0.4397
   0.4505
   0.4622
   0.4748
   0.4881
   0.5019
   0.5159
   0.5298
   0.5431
   0.4239
   0.4324
   0.4419
   0.4523
   0.4635
   0.4755
   0.4880
   0.5008
   0.5137
   0.5264
   0.5383
   0.4260
   0.4343
   0.4435
   0.4536
   0.4644
   0.4759
   0.4878
   0.5000
   0.5121
   0.5239
   0.5349
   0.4272
   0.4354
   0.4444
   0.4543
   0.4649
   0.4761
   0.4877
   0.4994
   0.5111
   0.5224
   0.5329
   0.7076
   0.7646
   0.8819
   0.8320
   0.6327
   0.6086
   0.5768
   0.5670
   0.5604
   0.5566
   0.5904
   0.6648
   0.8324
   0.8832
   0.7075
   0.6648
   0.6085
   0.5904
   0.5768
   0.5671
   0.5605
   0.6327
   0.7644
   0.8835
   0.5566
