   1.2467e+02
   1.2463e+02
   1.2451e+02
   1.2431e+02
   1.2402e+02
   1.1674e+02
   9.6986e+01
   1.0344e+02
   1.1003e+02
   1.1669e+02
   1.1652e+02
   1.1624e+02
   1.1583e+02
   1.2066e+02
   7.2599e+01
   7.8482e+01
   8.4506e+01
   9.0674e+01
   4.5031e+01
   4.4358e+01
   4.4654e+01
   4.4864e+01
   4.4989e+01
   5.0332e+01
   5.5728e+01
   6.1231e+01
   6.6851e+01
   1.2362e+02
   1.2309e+02
   1.2239e+02
   1.2147e+02
   1.1527e+02
   1.1453e+02
   1.1357e+02
   1.1233e+02
   4.2288e+01
   4.2941e+01
   4.3502e+01
   4.3974e+01
   1.2467e+02
   1.2402e+02
   1.2431e+02
   1.2451e+02
   1.2463e+02
   1.2147e+02
   1.2239e+02
   1.2309e+02
   1.2362e+02
   1.1280e+02
   1.1641e+02
   1.1865e+02
   1.2026e+02
   1.2026e+02
   1.1865e+02
   1.1641e+02
   1.1073e+02
   1.0865e+02
   1.0598e+02
   1.0266e+02
   3.8782e+01
   3.9788e+01
   4.0710e+01
   4.1544e+01
   1.1674e+02
   1.1583e+02
   1.1624e+02
   1.1652e+02
   1.1669e+02
   1.1003e+02
   1.0344e+02
   9.6986e+01
   1.2066e+02
   1.1233e+02
   1.1357e+02
   1.1453e+02
   1.1527e+02
   1.0266e+02
   1.0598e+02
   1.0866e+02
   1.1073e+02
   9.4050e+01
   9.8741e+01
   9.8741e+01
   3.2710e+01
   3.4038e+01
   3.5317e+01
   3.6540e+01
   3.7697e+01
   9.0674e+01
   8.4506e+01
   7.8482e+01
   7.2599e+01
   2.7086e+01
   2.8524e+01
   2.9946e+01
   3.1344e+01
   4.5031e+01
   6.6851e+01
   6.1231e+01
   5.5728e+01
   5.0332e+01
   4.4989e+01
   4.4864e+01
   4.4654e+01
   4.4358e+01
   4.3974e+01
   4.3502e+01
   4.2941e+01
   4.2288e+01
   4.1544e+01
   4.0710e+01
   3.9788e+01
   3.8782e+01
   3.6540e+01
   3.5317e+01
   3.4038e+01
   3.2710e+01
   3.7698e+01
   3.1344e+01
   2.9946e+01
   2.8524e+01
   2.7086e+01
   1.9896e+01
   2.5638e+01
   2.4184e+01
   2.2729e+01
   2.1279e+01
   2.1279e+01
   2.2729e+01
   2.4184e+01
   2.5638e+01
   8.7551e+01
   8.1906e+01
   7.6596e+01
   7.1542e+01
   6.6695e+01
   6.2023e+01
   5.7501e+01
   5.3108e+01
   4.8829e+01
   4.4650e+01
   4.0557e+01
   3.9146e+01
   3.7670e+01
   3.6139e+01
   3.4562e+01
   3.2950e+01
   3.1312e+01
   2.9655e+01
   2.7987e+01
   2.6312e+01
   2.4636e+01
   2.2965e+01
   4.3041e+01
   4.1357e+01
   3.9612e+01
   3.7815e+01
   3.5981e+01
   3.4118e+01
   3.2235e+01
   3.0341e+01
   2.8441e+01
   2.6539e+01
   2.4636e+01
   4.7010e+01
   4.5107e+01
   4.3134e+01
   4.1107e+01
   3.9039e+01
   3.6942e+01
   3.4827e+01
   3.2701e+01
   3.0571e+01
   2.8441e+01
   2.6312e+01
   5.1065e+01
   4.8926e+01
   4.6712e+01
   4.4439e+01
   4.2126e+01
   3.9785e+01
   3.7428e+01
   3.5065e+01
   3.2701e+01
   3.0341e+01
   2.7987e+01
   5.5214e+01
   5.2821e+01
   5.0346e+01
   4.7812e+01
   4.5238e+01
   4.2642e+01
   4.0035e+01
   3.7428e+01
   3.4827e+01
   3.2235e+01
   2.9655e+01
   5.9470e+01
   5.6798e+01
   5.4039e+01
   5.1223e+01
   4.8372e+01
   4.5507e+01
   4.2642e+01
   3.9785e+01
   3.6942e+01
   3.4118e+01
   3.1312e+01
   6.3843e+01
   6.0861e+01
   5.7789e+01
   5.4665e+01
   5.1519e+01
   4.8372e+01
   4.5238e+01
   4.2126e+01
   3.9039e+01
   3.5981e+01
   3.2950e+01
   6.8348e+01
   6.5010e+01
   6.1587e+01
   5.8127e+01
   5.4665e+01
   5.1223e+01
   4.7812e+01
   4.4439e+01
   4.1107e+01
   3.7815e+01
   3.4562e+01
   7.2997e+01
   6.9241e+01
   6.5417e+01
   6.1587e+01
   5.7789e+01
   5.4039e+01
   5.0346e+01
   4.6712e+01
   4.3134e+01
   3.9612e+01
   3.6139e+01
   7.7798e+01
   7.3531e+01
   6.9241e+01
   6.5010e+01
   6.0861e+01
   5.6798e+01
   5.2821e+01
   4.8926e+01
   4.5107e+01
   4.1357e+01
   3.7670e+01
   8.2761e+01
   7.7798e+01
   7.2997e+01
   6.8348e+01
   6.3843e+01
   5.9470e+01
   5.5214e+01
   5.1065e+01
   4.7010e+01
   4.3041e+01
   3.9146e+01
   8.7551e+01
   8.1906e+01
   7.6596e+01
   7.1542e+01
   6.6695e+01
   6.2023e+01
   5.7501e+01
   5.3108e+01
   4.8829e+01
   4.4650e+01
   4.0557e+01
   9.1907e+01
   8.5693e+01
   7.9949e+01
   7.4533e+01
   6.9376e+01
   6.4429e+01
   5.9658e+01
   5.5039e+01
   5.0549e+01
   4.6172e+01
   4.1892e+01
   9.5591e+01
   8.9060e+01
   8.2986e+01
   7.7274e+01
   7.1849e+01
   6.6660e+01
   6.1667e+01
   5.6840e+01
   5.2157e+01
   4.7597e+01
   4.3143e+01
   9.8709e+01
   9.1972e+01
   8.5672e+01
   7.9733e+01
   7.4092e+01
   6.8697e+01
   6.3510e+01
   5.8500e+01
   5.3642e+01
   4.8916e+01
   4.4303e+01
   1.0130e+02
   9.4448e+01
   8.8002e+01
   8.1901e+01
   7.6091e+01
   7.0529e+01
   6.5179e+01
   6.0010e+01
   5.4998e+01
   5.0122e+01
   4.5365e+01
   1.0342e+02
   9.6520e+01
   8.9991e+01
   8.3781e+01
   7.7846e+01
   7.2152e+01
   6.6667e+01
   6.1363e+01
   5.6218e+01
   5.1211e+01
   4.6325e+01
   1.0511e+02
   9.8228e+01
   9.1664e+01
   8.5385e+01
   7.9363e+01
   7.3568e+01
   6.7974e+01
   6.2559e+01
   5.7300e+01
   5.2180e+01
   4.7181e+01
   1.0646e+02
   9.9619e+01
   9.3050e+01
   8.6735e+01
   8.0653e+01
   7.4783e+01
   6.9105e+01
   6.3598e+01
   5.8245e+01
   5.3028e+01
   4.7932e+01
   1.0752e+02
   1.0074e+02
   9.4183e+01
   8.7851e+01
   8.1731e+01
   7.5807e+01
   7.0063e+01
   6.4484e+01
   5.9054e+01
   5.3756e+01
   4.8577e+01
   1.0835e+02
   1.0162e+02
   9.5091e+01
   8.8756e+01
   8.2612e+01
   7.6650e+01
   7.0858e+01
   6.5222e+01
   5.9730e+01
   5.4367e+01
   4.9119e+01
   1.0899e+02
   1.0231e+02
   9.5800e+01
   8.9469e+01
   8.3312e+01
   7.7324e+01
   7.1495e+01
   6.5817e+01
   6.0276e+01
   5.4861e+01
   4.9559e+01
   1.0946e+02
   1.0282e+02
   9.6330e+01
   9.0005e+01
   8.3842e+01
   7.7837e+01
   7.1983e+01
   6.6273e+01
   6.0696e+01
   5.5242e+01
   4.9899e+01
   1.0978e+02
   1.0317e+02
   9.6698e+01
   9.0380e+01
   8.4213e+01
   7.8197e+01
   7.2327e+01
   6.6596e+01
   6.0994e+01
   5.5513e+01
   5.0140e+01
   1.0997e+02
   1.0337e+02
   9.6915e+01
   9.0601e+01
   8.4433e+01
   7.8411e+01
   7.2531e+01
   6.6788e+01
   6.1172e+01
   5.5674e+01
   5.0284e+01
   4.1892e+01
   4.6172e+01
   5.0549e+01
   5.5039e+01
   5.9658e+01
   6.4429e+01
   6.9376e+01
   7.4533e+01
   7.9949e+01
   8.5693e+01
   9.1907e+01
   4.3143e+01
   4.7597e+01
   5.2157e+01
   5.6840e+01
   6.1667e+01
   6.6660e+01
   7.1849e+01
   7.7274e+01
   8.2986e+01
   8.9060e+01
   9.5591e+01
   4.4303e+01
   4.8916e+01
   5.3642e+01
   5.8500e+01
   6.3510e+01
   6.8697e+01
   7.4092e+01
   7.9733e+01
   8.5672e+01
   9.1972e+01
   9.8709e+01
   4.5365e+01
   5.0122e+01
   5.4998e+01
   6.0010e+01
   6.5179e+01
   7.0529e+01
   7.6092e+01
   8.1901e+01
   8.8002e+01
   9.4448e+01
   1.0130e+02
   4.6325e+01
   5.1211e+01
   5.6218e+01
   6.1363e+01
   6.6667e+01
   7.2152e+01
   7.7846e+01
   8.3781e+01
   8.9991e+01
   9.6520e+01
   1.0342e+02
   4.7181e+01
   5.2180e+01
   5.7300e+01
   6.2559e+01
   6.7974e+01
   7.3568e+01
   7.9363e+01
   8.5385e+01
   9.1664e+01
   9.8228e+01
   1.0511e+02
   4.7932e+01
   5.3028e+01
   5.8245e+01
   6.3598e+01
   6.9105e+01
   7.4783e+01
   8.0653e+01
   8.6735e+01
   9.3050e+01
   9.9619e+01
   1.0646e+02
   4.8577e+01
   5.3756e+01
   5.9054e+01
   6.4484e+01
   7.0063e+01
   7.5807e+01
   8.1731e+01
   8.7851e+01
   9.4183e+01
   1.0074e+02
   1.0752e+02
   4.9119e+01
   5.4367e+01
   5.9730e+01
   6.5222e+01
   7.0858e+01
   7.6650e+01
   8.2613e+01
   8.8756e+01
   9.5091e+01
   1.0162e+02
   1.0835e+02
   4.9559e+01
   5.4861e+01
   6.0276e+01
   6.5817e+01
   7.1495e+01
   7.7324e+01
   8.3312e+01
   8.9469e+01
   9.5800e+01
   1.0231e+02
   1.0899e+02
   4.9899e+01
   5.5242e+01
   6.0696e+01
   6.6273e+01
   7.1983e+01
   7.7837e+01
   8.3842e+01
   9.0005e+01
   9.6330e+01
   1.0282e+02
   1.0946e+02
   5.0140e+01
   5.5513e+01
   6.0994e+01
   6.6596e+01
   7.2327e+01
   7.8197e+01
   8.4213e+01
   9.0380e+01
   9.6698e+01
   1.0317e+02
   1.0978e+02
   5.0284e+01
   5.5674e+01
   6.1172e+01
   6.6788e+01
   7.2531e+01
   7.8411e+01
   8.4433e+01
   9.0601e+01
   9.6915e+01
   1.0337e+02
   1.0997e+02
   1.1525e+02
   1.1333e+02
   1.0299e+02
   1.1068e+02
   1.1782e+02
   1.1869e+02
   1.1983e+02
   1.2020e+02
   1.2046e+02
   1.2061e+02
   1.1935e+02
   1.1672e+02
   1.1071e+02
   1.0717e+02
   1.1523e+02
   1.1671e+02
   1.1868e+02
   1.1934e+02
   1.1985e+02
   1.2021e+02
   1.2046e+02
   1.1783e+02
   1.1331e+02
   1.0719e+02
   1.2061e+02
